country	id	cl	X1	X2	X3	X4	X5	X6	village	village_name
UZBEKISTAN	590597	3	7.28763366730485e-06	1.091847289271e-07	0.998276954838919	3.00358033736988e-08	0.00066457074633728	0.0010510475605436	UZBEKISTAN0	Karshi
UZBEKISTAN	591286	3	2.1409059870363e-05	2.8056813478145e-06	0.997432035772196	4.6872226254321e-09	2.11078238212644e-05	0.0025226369755421	UZBEKISTAN1	Bukhara
UZBEKISTAN	591287	3	0.0160212490369706	1.3306452136307e-06	0.983900174052282	4.97037489657184e-07	1.16205440946751e-06	7.55871736344e-05	UZBEKISTAN1	Bukhara
UZBEKISTAN	591288	3	4.64536774986286e-05	2.307446233021e-07	0.999952617339615	4.449311593422e-10	1.7290193287775e-07	5.248913995e-07	UZBEKISTAN1	Bukhara
UZBEKISTAN	591289	2	0.000961560887039731	0.985171950447172	0.00267837026108875	1.3559049857036e-06	0.000202434640842233	0.0109843278588712	UZBEKISTAN1	Bukhara
UZBEKISTAN	591290	3	1.28703030489731e-05	3.5603787381014e-06	0.999955406882021	1.2783293193106e-09	1.65839432675603e-05	1.15772145954e-05	UZBEKISTAN1	Bukhara
UZBEKISTAN	591291	3	2.79726878935006e-05	3.862008495795e-07	0.999965088650951	7.1144082092827e-09	2.7020312174294e-06	3.8433146798e-06	UZBEKISTAN1	Bukhara
UZBEKISTAN	591292	3	0.000771391244904144	1.14559836197634e-05	0.998880334298655	2.59099646188946e-08	2.97340652730494e-05	0.0003070584975838	UZBEKISTAN1	Bukhara
UZBEKISTAN	591293	3	0.000727442793124768	8.11375735890048e-05	0.998773498460087	1.08597753637934e-07	0.000416973813846384	8.387615998e-07	UZBEKISTAN1	Bukhara
UZBEKISTAN	591295	3	0.00523788220928704	3.6918709829064e-06	0.994711860513255	7.813107181171e-10	6.6892349245816e-07	4.58957016716e-05	UZBEKISTAN1	Bukhara
UZBEKISTAN	591297	6	0.156767753196411	4.8939466730516e-06	0.00350673057542779	1.2591806039268e-09	8.73347587931185e-06	0.839711887546428	UZBEKISTAN1	Bukhara
UZBEKISTAN	591298	3	2.04253664288293e-07	0.00221840679200562	0.985411930477749	3.92235750152759e-06	0.0102439101311896	0.0021216259878898	UZBEKISTAN1	Bukhara
UZBEKISTAN	591299	6	0.0278456977259609	1.20012107550275e-05	0.0138304135274588	1.5207183405022e-09	4.95344092750767e-05	0.958262351605832	UZBEKISTAN1	Bukhara
UZBEKISTAN	591300	3	4.75550711894321e-05	1.0685464320679e-06	0.999698561598613	1.6530531985395e-09	0.000248123946736694	4.6891839755e-06	UZBEKISTAN1	Bukhara
UZBEKISTAN	591303	4	5.213063889115e-11	0.000301788289565822	0.000117541732166932	0.998621170858013	0.000948612561692802	1.08865064307e-05	UZBEKISTAN1	Bukhara
UZBEKISTAN	591304	4	4.155308535153e-10	6.5204647158206e-06	4.019027967299e-07	0.99961433762927	0.000378696737607046	4.28500795e-08	UZBEKISTAN1	Bukhara
UZBEKISTAN	591305	3	0.00255971385484769	0.000932814347037077	0.995743153926304	7.7767728777638e-09	0.000762774048624347	1.5360464137e-06	UZBEKISTAN1	Bukhara
UZBEKISTAN	591307	3	0.00022259504711665	7.714399783122e-07	0.999768570974499	6.5488177975458e-09	4.43570651687942e-06	3.6202830711e-06	UZBEKISTAN1	Bukhara
UZBEKISTAN	591308	3	0.000339648236584939	0.000745108946132	0.998876537613622	4.515233491563e-08	1.3953787912234e-05	2.47062634143e-05	UZBEKISTAN1	Bukhara
UZBEKISTAN	591310	1	0.999820151055395	1.0146728202211e-06	0.00012787336014786	5.304349834823e-10	4.4982300883e-10	5.09599313784e-05	UZBEKISTAN1	Bukhara
UZBEKISTAN	591311	2	0.00950281926182199	0.880890220413111	0.102601051910266	0.00496960697294373	0.000216285372958933	0.0018200160688989	UZBEKISTAN1	Bukhara
UZBEKISTAN	591312	1	0.975910919310278	2.98831041097e-08	0.0159351255955676	1.6316528232797e-09	2.94002700070529e-06	0.0081509835523966	UZBEKISTAN1	Bukhara
UZBEKISTAN	591314	3	1.11838307875477e-05	2.27842766910593e-05	0.997534779740152	2.98462703760175e-08	0.0024263867397411	4.835566358e-06	UZBEKISTAN1	Bukhara
UZBEKISTAN	591316	4	2.710556508681e-11	3.00439261682e-08	3.467164169e-10	0.999999576897808	2.7105042479e-09	3.899739389e-07	UZBEKISTAN1	Bukhara
UZBEKISTAN	591317	5	8.46867908762054e-07	1.63931114895071e-05	0.0404201207065812	2.22551812641372e-05	0.958641455130637	0.000898929002119	UZBEKISTAN1	Bukhara
ARMENIA	591319	5	3.55187872848971e-08	0.000746870546525996	0.0435130107648594	8.57138796917513e-06	0.955726563471833	4.9483100256e-06	ARMENIA0	Chambarak
ARMENIA	591320	2	9.57204825399878e-06	0.995557230066352	0.00277616997722918	7.29006985119744e-06	0.0015883199866586	6.14178516553e-05	ARMENIA0	Chambarak
ARMENIA	591321	6	0.00489122668708771	0.000822513260404932	0.0396714173750298	6.61735753623532e-06	0.000174206093581678	0.95443401922636	ARMENIA0	Chambarak
ARMENIA	591322	2	2.32517098579904e-07	0.593233327242083	0.00022097270356983	7.39694254019918e-06	0.406532008317843	6.0622768658e-06	ARMENIA0	Chambarak
ARMENIA	591323	2	8.44666248431638e-05	0.586187812147261	0.00315781215024337	0.000372977506380338	0.381389045640117	0.0288078859311552	ARMENIA0	Chambarak
ARMENIA	591325	2	2.93948587907795e-06	0.997547503428286	9.2589153471664e-05	0.000211253204823465	0.0011850877915481	0.0009606269359912	ARMENIA0	Chambarak
ARMENIA	591327	5	2.80506907007637e-07	0.00111409628698279	0.000411740296145134	2.50036535753237e-05	0.998343034137204	0.0001058451191859	ARMENIA0	Chambarak
ARMENIA	591328	2	3.05344099663803e-08	0.95272577952326	6.457108359899e-06	1.08612309850919e-06	0.0458536052976979	0.0014130414131732	ARMENIA0	Chambarak
ARMENIA	591329	4	2.59366013053863e-08	0.206896000603753	6.40001858637546e-05	0.792077156987958	3.28841148567641e-05	0.0009299321709668	ARMENIA0	Chambarak
ARMENIA	591333	4	9.252511451484e-11	5.6822591789e-09	5.6526029e-11	0.999999537826844	1.56384134019e-08	4.407034328e-07	ARMENIA0	Chambarak
ARMENIA	591334	4	1.895255381e-14	5.30746610841348e-05	2.174174e-11	0.999945084559717	1.7708024212529e-06	6.99550169e-08	ARMENIA0	Chambarak
ARMENIA	591335	2	4.5925239153658e-10	0.999919009371115	8.230791777842e-07	6.95839861119013e-06	1.10472819120807e-05	6.2161409932e-05	ARMENIA0	Chambarak
ARMENIA	591336	5	4.82506056058984e-09	1.60966801548401e-05	0.00261643420840437	1.56397310482511e-05	0.997337858700938	1.39658543938e-05	ARMENIA0	Chambarak
ARMENIA	591337	4	3.46135254187501e-09	0.00162363697038536	6.7812047166778e-06	0.98468607675523	0.0136833199342765	1.816740396e-07	ARMENIA0	Chambarak
ARMENIA	591413	2	4.0907050767964e-05	0.999851221437357	3.69615485173964e-05	9.69031212089e-10	7.99512401527819e-06	6.29138703106e-05	ARMENIA0	Chambarak
UZBEKISTAN	591415	1	0.999741566974207	1.3954317628021e-06	2.81213318044096e-05	2.947674701462e-10	1.47478749115e-09	0.0002289144926703	UZBEKISTAN0	Karshi
UZBEKISTAN	591418	3	5.87790368629877e-07	5.6587183517361e-06	0.579977473054279	1.69050082476046e-08	0.420016195949507	6.75824849e-08	UZBEKISTAN1	Bukhara
UZBEKISTAN	591419	3	2.84978242087059e-05	7.471501747119e-06	0.999953329091244	6.41387777284979e-07	8.64036574498658e-06	1.4198292781e-06	UZBEKISTAN1	Bukhara
GEORGIA	591421	4	4.8741912e-16	5.98228300571e-07	4.040461e-13	0.99999930712412	9.364093593174e-08	1.0062395e-09	GEORGIA0	Imereti
GEORGIA	591422	4	1.759454211026e-11	0.000385221130124556	1.2419683433883e-05	0.637822614379049	0.360124972197119	0.001654772592679	GEORGIA0	Imereti
GEORGIA	591423	4	1.3350675451e-13	4.23466980510611e-05	6.8136570742e-08	0.995894216127876	0.00406335945085524	9.5865129e-09	GEORGIA0	Imereti
GEORGIA	591429	5	7.92747346129612e-08	4.371573421507e-06	0.000155894049703116	0.000570921383377001	0.999259968651406	8.7650673582e-06	GEORGIA0	Imereti
GEORGIA	591430	5	2.81315411878369e-08	0.00324649698979971	0.000152823432034187	0.00238216960747326	0.994216336796545	2.1450426064e-06	GEORGIA0	Imereti
GEORGIA	591431	4	1.0846950403e-13	1.05051559096316e-05	6.81491822e-10	0.999974160717629	1.4199599420055e-07	1.51914488663e-05	GEORGIA0	Imereti
GEORGIA	591433	2	1.742148697867e-05	0.87808326520164	0.000243606335697264	0.1091481397396	0.00372199447918707	0.0087855727568968	GEORGIA0	Imereti
GEORGIA	591434	2	9.77591301858278e-07	0.999188432148297	7.8675780896082e-06	8.78014868276109e-05	8.13936022349468e-06	0.0007067818352608	GEORGIA0	Imereti
GEORGIA	591435	6	3.45803128973566e-05	0.000307168881231627	0.00436279073375787	1.26943917291349e-06	0.000319106359979875	0.99497508427296	GEORGIA0	Imereti
GEORGIA	591436	4	1.367715e-17	1.0285866664878e-06	6.9500522e-12	0.999986344789763	1.2624286005843e-05	2.330615e-09	GEORGIA0	Imereti
GEORGIA	591437	2	3.92911750835e-11	0.997520679964326	4.1644156196e-09	0.0023403468491001	0.000138755583490234	2.133993761e-07	GEORGIA0	Imereti
GEORGIA	591438	2	5.9460540254218e-10	0.993931117254637	1.027681991051e-07	0.00605550167448657	8.98717816741588e-06	4.2905299048e-06	GEORGIA0	Imereti
GEORGIA	591439	4	6.44930391365e-12	1.5586736867738e-06	1.458815217728e-07	0.993064164773555	0.006934097157308	3.35074795e-08	GEORGIA0	Imereti
GEORGIA	591440	5	1.97812165675273e-07	0.000405568690426129	0.0194081551376497	3.44620530454913e-06	0.977752936591451	0.002429695563003	GEORGIA0	Imereti
GEORGIA	591442	2	9.12888905346489e-08	0.99789848019351	0.00129350212926967	6.44720428608519e-06	0.000794054006080942	7.4251779622e-06	GEORGIA0	Imereti
GEORGIA	591443	5	2.668764690374e-11	8.4552566014261e-06	0.0001306771564014	0.000678903421079472	0.999181808141157	1.559980728e-07	GEORGIA0	Imereti
GEORGIA	591444	5	6.00393644610585e-09	0.000100657855546198	1.61592418644872e-05	0.00960631628365745	0.989988192322951	0.0002886682920443	GEORGIA0	Imereti
GEORGIA	591445	2	1.14149869083019e-06	0.987262172932888	1.41635727560904e-05	0.000533136249630381	0.00032656131491731	0.0118628244311171	GEORGIA0	Imereti
GEORGIA	591446	2	1.2985645568548e-10	0.698599395333972	0.012427994336039	2.72159870722065e-05	0.288943647468934	1.7467441265e-06	GEORGIA0	Imereti
GEORGIA	591447	5	2.38802156418173e-08	0.00010460639124391	0.00014015776177323	0.00163861976596434	0.995211543802721	0.002905048398082	GEORGIA0	Imereti
GEORGIA	591449	6	3.35462973958627e-06	0.0993561084236877	4.01091977617992e-05	0.0153504503862656	0.0153657765816625	0.869884200780883	GEORGIA0	Imereti
GEORGIA	591450	5	3.1816811726e-13	3.69080022122e-08	2.5476072487143e-06	5.07190809332932e-07	0.999996905903878	2.3897432e-09	GEORGIA0	Imereti
GEORGIA	591451	5	1.73122376258607e-09	2.76390304853275e-05	4.41219789323111e-05	1.62592363759298e-06	0.999926234389072	3.769466489e-07	GEORGIA0	Imereti
GEORGIA	591453	5	9.1641937386e-13	6.24448771868149e-05	1.82793331383e-08	7.10273511813552e-06	0.999930238052167	1.960552791e-07	GEORGIA0	Imereti
AZERBAIJAN	591454	3	0.000140160306145935	0.000419782638070014	0.81676870422875	6.53509257768105e-08	0.000865046055675589	0.181806241420433	AZERBAIJAN0	Sis
AZERBAIJAN	591455	3	0.0473174764164836	0.000577703054846457	0.909435223096499	1.03831831619224e-05	0.00958456362971635	0.0330746506192927	AZERBAIJAN0	Sis
ARMENIA	591457	5	9.371899223138e-11	0.00401317500072362	0.00034894164658115	1.53573058647343e-08	0.99563781624168	5.16599908e-08	ARMENIA0	Chambarak
AZERBAIJAN	591458	3	0.0317914469235297	0.0123103590095789	0.481221993006241	2.70701059553999e-06	0.437691618346902	0.0369818757031533	AZERBAIJAN0	Sis
GEORGIA	591460	5	2.349797646541e-11	0.00103534576412575	4.1943249647999e-05	0.000741404032651912	0.998180554558612	7.523714641e-07	GEORGIA0	Imereti
GEORGIA	591461	2	6.46059412843e-12	0.900982739791375	1.15607078422636e-05	0.0957895899591802	0.000475867913378257	0.0027402416217639	GEORGIA0	Imereti
GEORGIA	591462	5	2.09022007166342e-08	0.044985244532372	1.74077360457552e-05	0.0312431495183207	0.923695746105478	5.84312055825e-05	GEORGIA0	Imereti
GEORGIA	591463	5	2.89463967974341e-09	2.73811121786447e-05	8.78017239284011e-05	2.26712301322565e-07	0.999884528083137	5.94738144e-08	GEORGIA0	Imereti
GEORGIA	591464	5	8.64446778882463e-09	8.8180303992452e-05	0.0252760032115132	1.84885758546212e-05	0.974617287044856	3.22193156e-08	GEORGIA0	Imereti
GEORGIA	591465	5	5.9904385430509e-10	2.36335314754424e-05	6.8729379963e-08	4.0284514029057e-07	0.999975126111744	7.68183216e-07	GEORGIA0	Imereti
GEORGIA	591467	2	1.790396007422e-11	0.999709117242604	9.779476578477e-07	4.76515776395333e-05	6.79046752554305e-06	0.0002354627466693	GEORGIA0	Imereti
GEORGIA	591468	2	6.457317659672e-11	0.997851364138201	1.062170394181e-06	0.000676197874162446	0.00147067913406219	6.966186065e-07	GEORGIA0	Imereti
GEORGIA	591469	5	8.02858502115974e-06	0.0126702912604685	0.0423198173833215	2.1212762560981e-07	0.939588765559785	0.0054128850837785	GEORGIA0	Imereti
GEORGIA	591470	5	3.43652769991357e-05	0.00776062175730197	4.37955881332484e-05	0.000168349319256044	0.767514019102483	0.224478848955827	GEORGIA0	Imereti
GEORGIA	591472	5	1.924305575696e-10	9.7361137424941e-05	2.19295768715578e-05	1.04455762106418e-05	0.999870145870227	1.176468348e-07	GEORGIA0	Imereti
GEORGIA	591473	2	2.76858535668585e-08	0.989205615501993	1.0213467176881e-05	7.32727803712479e-08	0.0106303255046496	0.0001537445675465	GEORGIA0	Imereti
GEORGIA	591475	4	1.19882554366e-12	0.00127082831351685	1.353523220076e-07	0.990900562291128	0.00782846409285225	9.9489825e-09	GEORGIA0	Imereti
GEORGIA	591477	2	2.27606459524769e-05	0.982029088109052	3.7658633601766e-06	3.6258069581505e-06	8.97295630346332e-06	0.017931786618374	GEORGIA0	Imereti
GEORGIA	591479	2	1.68500638998046e-08	0.9394570491265	1.612128016621e-07	7.26499878308488e-05	6.13888770379567e-06	0.0604639839351	GEORGIA0	Imereti
GEORGIA	591480	2	3.02078650818e-11	0.999336346976583	3.2438741464732e-06	2.59905866754509e-08	0.000647806252083177	1.2576876393e-05	GEORGIA0	Imereti
GEORGIA	591481	3	0.00495469800468431	0.0235379505825925	0.965267533755636	7.84149105936855e-05	0.0015112463006278	0.0046501564458654	GEORGIA0	Imereti
GEORGIA	591482	5	2.68533428691768e-09	0.00175893012648037	0.000144504716826009	5.24990860880014e-05	0.998037319685054	6.7437002171e-06	GEORGIA0	Imereti
GEORGIA	591483	2	1.0693808071e-13	0.997828791504825	4.5855739703047e-06	0.00032296362393799	0.00184361378731775	4.55098419e-08	GEORGIA0	Imereti
GEORGIA	591486	2	4.2495011544007e-10	0.999932714895249	7.99241866364e-08	1.8688638563478e-05	4.37878986397983e-05	4.7282184105e-06	GEORGIA0	Imereti
GEORGIA	591487	2	1.07455245936e-08	0.950530445313041	4.81956239052626e-05	9.83177566229361e-06	0.0493936790235112	1.78375183556e-05	GEORGIA0	Imereti
GEORGIA	591488	2	4.49904986176611e-07	0.956946464007043	0.00023826551672158	0.0423716331573542	0.000348776356132343	9.44110577626e-05	GEORGIA0	Imereti
GEORGIA	591490	2	1.21708303307916e-09	0.99999681213221	4.15871460302e-08	1.57164558024998e-08	8.3497832980503e-07	2.294368775e-06	GEORGIA0	Imereti
GEORGIA	591494	2	5.40253821419032e-09	0.99517969553925	1.0879534743835e-06	0.00227625961424486	0.00221804846275088	0.0003249030277412	GEORGIA0	Imereti
GEORGIA	591495	5	3.614516612346e-11	0.000233735067562493	2.5971846469692e-06	0.0442780187301978	0.955484926951388	7.220300593e-07	GEORGIA0	Imereti
GEORGIA	591496	5	5.011428034141e-11	4.10633416635687e-05	3.55167462583811e-05	0.000192741590964189	0.999730655492153	2.2778847e-08	GEORGIA0	Imereti
GEORGIA	591497	5	4.98966727128825e-09	0.000448258906269489	0.00018258992296839	0.000155813315189188	0.999212296241721	1.0366241846e-06	GEORGIA0	Imereti
GEORGIA	591498	2	4.24852558023009e-08	0.999938019743077	9.2979147899265e-06	4.422813601762e-06	8.40632536899126e-06	3.98107179064e-05	GEORGIA0	Imereti
GEORGIA	591499	2	1.196045501526e-10	0.999999120581744	6.9781197652e-09	3.59609778808995e-08	1.6935564623772e-07	6.670039081e-07	GEORGIA0	Imereti
GEORGIA	591501	2	4.12308363917831e-09	0.999914535513238	6.6405008335214e-06	2.23864055065613e-05	5.50996062140236e-05	1.333851124e-06	GEORGIA0	Imereti
GEORGIA	591502	2	4.50763522562876e-05	0.93660371508076	0.0330386341327574	1.11405012142702e-06	0.0287548718104604	0.0015565885736443	GEORGIA0	Imereti
GEORGIA	591503	5	8.09340896229514e-05	0.00768167779273282	0.0581786760735209	3.55484433899047e-05	0.931741006136998	0.0022821574637355	GEORGIA0	Imereti
GEORGIA	591504	2	4.6195671555757e-09	0.748999670467312	1.7867118024258e-05	0.0044819538708702	0.246114991652102	0.0003855122721234	GEORGIA0	Imereti
GEORGIA	591505	2	1.9195255086741e-09	0.556195372754864	9.1324586099867e-05	1.65077308929974e-05	0.443065516848359	0.0006312761602584	GEORGIA0	Imereti
GEORGIA	591507	5	5.28373026957039e-07	0.00572696356569162	0.00674902058607245	5.7872807256446e-09	0.98751627813905	7.2035488781e-06	GEORGIA0	Imereti
GEORGIA	591508	2	6.19367942130173e-08	0.999949013439202	1.3677070215834e-06	1.00656843112637e-07	1.09159766794354e-05	3.85402834597e-05	GEORGIA0	Imereti
GEORGIA	591509	2	1.60121211471438e-09	0.99520030637496	3.0947936509064e-06	0.000338673833849508	0.00445737342753795	5.499687898e-07	GEORGIA0	Imereti
ARMENIA	594206	2	8.21790278294e-11	0.998964691443918	2.753029744825e-07	2.95164966800025e-07	0.000991006769402042	4.37312365602e-05	ARMENIA1	Gavar
ARMENIA	594207	5	2.00717983453305e-08	0.0026290629926438	0.000793653035890848	6.3256740556449e-07	0.996469415417977	0.0001072159142841	ARMENIA1	Gavar
ARMENIA	594210	5	2.03947011693689e-08	0.0262118229986723	4.60019295061117e-05	0.000283896466104194	0.973423938317933	3.43198930836e-05	ARMENIA1	Gavar
ARMENIA	594213	5	1.78195603756896e-08	0.0274801313265051	0.00101292328687876	6.11714944832521e-06	0.97149802760079	2.7828168178e-06	ARMENIA2	Yegvard
ARMENIA	594216	2	4.3823646401054e-05	0.633464160979648	0.00131683282355797	2.3601051695041e-05	0.337952739121498	0.0271988423771996	ARMENIA2	Yegvard
ARMENIA	594217	5	2.5852434926593e-10	0.00153752110511088	6.40574000160906e-05	4.6677868107433e-07	0.998395760658316	2.1937993515e-06	ARMENIA2	Yegvard
ARMENIA	594218	2	1.06915034767344e-08	0.999074946855292	9.2592866553905e-06	2.74140441151359e-05	5.70705784496476e-05	0.0008312985439844	ARMENIA2	Yegvard
ARMENIA	594219	3	1.76035711294374e-05	1.1968380499081e-06	0.998230127702749	2.83125059918859e-07	0.0017402840431967	1.05047198154e-05	ARMENIA2	Yegvard
ARMENIA	594221	2	8.92502564099511e-08	0.99983938494299	5.060293276495e-05	4.76462098369137e-06	7.23695553992879e-05	3.27886976061e-05	ARMENIA2	Yegvard
ARMENIA	594222	2	4.43957701347738e-06	0.9416137610985	0.000422658055842721	1.12301258708893e-06	0.00257664701043235	0.0553813712456247	ARMENIA2	Yegvard
ARMENIA	594223	5	4.2361961356e-13	0.000108082224353278	1.640143133556e-07	1.47911465101673e-05	0.999876958865008	3.7493916e-09	ARMENIA2	Yegvard
ARMENIA	594225	2	5.03148518438002e-07	0.950050941474951	0.000699945818350308	2.22733590634331e-06	0.0228063317753552	0.0264400504469186	ARMENIA2	Yegvard
ARMENIA	594226	5	6.76124420697585e-09	0.000161874294806448	0.00178076035508316	1.30758192561117e-06	0.998052371081129	3.6799258118e-06	ARMENIA2	Yegvard
ARMENIA	594227	5	5.6285243107106e-09	0.00463505469952317	0.000206522941312707	0.00045864453011761	0.994697125079498	2.6471210247e-06	ARMENIA2	Yegvard
ARMENIA	594228	2	1.52694847240637e-05	0.999599904218943	3.8690556743872e-05	8.8311653065599e-09	7.3349121171113e-07	0.0003453934172123	ARMENIA2	Yegvard
ARMENIA	594229	2	8.2348645593258e-10	0.999998656354985	1.50312732103e-08	3.8363658812848e-09	2.820338380758e-08	1.295750506e-06	ARMENIA2	Yegvard
ARMENIA	594230	2	2.50977257011499e-06	0.747829163370693	3.11659783701603e-05	0.00740641777593749	0.0039619104702185	0.24076883263221	ARMENIA2	Yegvard
ARMENIA	594231	2	1.41110948937809e-09	0.999644670695859	3.81076225090675e-05	2.44062454113246e-08	0.000299017806759085	1.81780575176e-05	ARMENIA2	Yegvard
ARMENIA	594232	5	1.65161785493574e-05	0.020693863649894	0.00897393010111992	6.79075821355346e-05	0.969799377926523	0.0004484045617786	ARMENIA2	Yegvard
ARMENIA	594233	2	1.2010166597604e-07	0.999669626683325	1.4644782787e-08	4.536026347688e-05	0.00011709868885364	0.0001677796178952	ARMENIA2	Yegvard
ARMENIA	594235	5	7.66191091398255e-09	0.00465720540799542	0.000503313278038322	8.96235265530818e-08	0.994675895795635	0.0001634882328939	ARMENIA2	Yegvard
ARMENIA	594237	4	5.5919451487257e-10	0.00427967059335863	2.11630924348293e-05	0.995003922201492	0.000635799156231056	5.94443972888e-05	ARMENIA2	Yegvard
ARMENIA	594238	6	0.000270105484362512	7.45051640910443e-05	1.8749561508924e-06	8.63358013279306e-06	0.000130885743220623	0.999513995072042	ARMENIA2	Yegvard
ARMENIA	594243	4	2.79729999456e-12	3.3801440439678e-06	2.09536043e-10	0.999996372907075	5.503039941741e-08	1.917061477e-07	ARMENIA3	Deprabak
ARMENIA	594250	5	7.9973784497167e-10	0.000118223021203425	0.000466623615901549	0.0896948737789127	0.909657264431549	6.30143526954e-05	ARMENIA3	Deprabak
ARMENIA	594253	2	3.96680225249427e-07	0.985410187465316	4.31057007458759e-05	0.000132840626426238	0.0141084433270442	0.0003050262002428	ARMENIA3	Deprabak
ARMENIA	594255	5	7.2620058407401e-09	0.0251358663245832	0.000214845835829423	0.00054801102242357	0.972961961264574	0.0011393082905836	ARMENIA3	Deprabak
ARMENIA	594261	2	1.382038060516e-10	0.977061018536469	3.2914340235e-09	0.0222306222651015	2.89994996340178e-05	0.0006793562691578	ARMENIA3	Deprabak
ARMENIA	594262	4	3.85759802848272e-07	0.0348726809779826	2.276191024899e-07	0.964223155196636	0.000317141544413501	0.0005864089020625	ARMENIA3	Deprabak
ARMENIA	594265	6	4.10307528804914e-08	0.00258783605512854	1.7553790461e-08	0.00690410173637265	4.05768115864369e-06	0.990503945942797	ARMENIA3	Deprabak
ARMENIA	594269	4	1.743693826e-14	3.5117582435741e-06	5.6432846e-11	0.99959636953389	7.40323545725362e-05	0.0003260862968433	ARMENIA4	Yerevan
ARMENIA	594273	5	2.86777373694217e-08	0.00335480818175795	0.000336825064292294	0.000244000139195257	0.994819689188086	0.0012446487489308	ARMENIA4	Yerevan
ARMENIA	594274	5	5.85969016571548e-08	0.0281902789988895	4.03375312856184e-05	0.000456746282191178	0.971293264247605	1.93143431267e-05	ARMENIA4	Yerevan
ARMENIA	594275	6	1.52228128873465e-08	0.00166249833621605	1.9565497430108e-06	0.000293295121190205	1.73128886654988e-05	0.998024921881372	ARMENIA1	Gavar
ARMENIA	594276	5	9.632082372129e-11	0.00145238538505898	5.1794779840806e-06	0.000129194379309742	0.998413232342692	8.3186349e-09	ARMENIA1	Gavar
ARMENIA	594277	2	5.69195250272e-11	0.995274943226304	2.06103936567794e-05	0.000113044308413539	0.00449254908448421	9.88529302219e-05	ARMENIA1	Gavar
ARMENIA	594278	6	8.75025662539615e-06	0.0409419876726824	3.3383303075553e-06	1.67166928287703e-05	4.68737809073087e-06	0.959024519669465	ARMENIA1	Gavar
ARMENIA	594279	5	1.54405077001635e-09	0.00139173123012121	4.36230892280472e-05	3.34166013126613e-06	0.998558547613894	2.754862575e-06	ARMENIA1	Gavar
ARMENIA	594280	2	4.74552569465239e-08	0.999611631500284	6.7018628944013e-06	6.99519915830984e-06	0.000139838388062946	0.0002347855943433	ARMENIA1	Gavar
ARMENIA	594281	2	1.67949762126473e-07	0.987616290393121	1.9977476245823e-06	0.000191278512270672	0.000144370141990406	0.0120458952552317	ARMENIA1	Gavar
ARMENIA	594282	2	2.58125787082477e-07	0.590109277851955	1.40504608005966e-05	9.23498864978929e-05	0.00019902926812027	0.409585034406839	ARMENIA1	Gavar
ARMENIA	594283	2	2.77819369987369e-07	0.999074831908514	1.10125327527579e-05	0.000594445273403698	0.000293417992932225	2.60144730274e-05	ARMENIA1	Gavar
KAZAKISTAN	594285	3	0.181716155029224	4.819464792e-09	0.818105512700608	8.2559291400575e-09	3.3450932443874e-05	0.0001448682623302	KAZAKISTAN0	Alga
KAZAKISTAN	594286	1	0.951911305502866	3.979240915698e-07	0.0207888333366057	2.12588778383918e-05	1.12758911930315e-06	0.0272770767694793	KAZAKISTAN0	Alga
KAZAKISTAN	594287	1	0.975889742801209	2.5637850002e-09	0.0240975717202222	4.3969441576e-12	5.67287715228e-09	1.26772375097e-05	KAZAKISTAN0	Alga
KAZAKISTAN	594289	3	1.31558421166044e-07	0.0267859534440875	0.950025742598853	2.20997346660909e-05	0.0227989042238311	0.000367168440141	KAZAKISTAN0	Alga
KAZAKISTAN	594291	6	0.0658929889466816	1.90822737298651e-05	0.0703104444949234	1.55970371322554e-07	2.24356663181103e-06	0.863775084747662	KAZAKISTAN0	Alga
KAZAKISTAN	594292	6	0.0012240090941281	4.75926560217333e-05	0.00180153502042768	0.00072724467841839	1.22604235997545e-06	0.996198392508644	KAZAKISTAN0	Alga
KAZAKISTAN	594295	5	8.26775873414182e-09	0.000745708179692999	0.374658460691984	0.00194868218636129	0.622585881638589	6.12590356134e-05	KAZAKISTAN0	Alga
KAZAKISTAN	594296	3	0.000726950821244694	7.01964784484748e-05	0.644076981275651	0.328733922967394	0.0160670857356979	0.0103248627215638	KAZAKISTAN0	Alga
KAZAKISTAN	594297	1	0.98932596707411	8.77141335e-11	0.0103832136617439	1.194621300351e-10	5.9394403119412e-07	0.0002902251129391	KAZAKISTAN0	Alga
KAZAKISTAN	594298	3	0.00379134333321074	3.53832285252e-08	0.996195791102522	8.1821210983595e-09	2.1300338799255e-07	1.26089955292e-05	KAZAKISTAN0	Alga
KAZAKISTAN	594299	6	0.00976756124311413	0.000614463496724474	0.0331228249557204	7.53169847047017e-05	5.95982136009454e-05	0.956360235106135	KAZAKISTAN0	Alga
KAZAKISTAN	594300	3	4.18987729887444e-05	0.000106501802942883	0.991793583537347	0.00175740944054845	0.00628932490810982	1.12815380627e-05	KAZAKISTAN0	Alga
KAZAKISTAN	594301	3	0.185284943520775	1.61589791534e-08	0.812888537747859	1.08384983389605e-08	0.000134324285671204	0.0016921674482174	KAZAKISTAN0	Alga
KAZAKISTAN	594304	3	0.00164735549124766	1.15456310621445e-05	0.998024918586201	2.74745360454767e-07	0.000113167165754706	0.0002027383803743	KAZAKISTAN0	Alga
KAZAKISTAN	594306	4	1.03467199203616e-08	8.458361387496e-07	1.54516291824e-08	0.999998769186423	3.4744358347337e-07	1.17355061e-08	KAZAKISTAN0	Alga
KAZAKISTAN	594307	1	0.999899767597206	4.1536524e-12	9.3392258986742e-05	1.62959546704e-11	2.48929347e-12	6.8401208682e-06	KAZAKISTAN0	Alga
ARMENIA	594310	2	8.34877915585e-12	0.999975187967181	1.25707822073e-07	5.49693038912773e-06	1.34749315477846e-05	5.7144547117e-06	ARMENIA1	Gavar
ARMENIA	594311	4	5.90156591093433e-08	0.0853949692037075	0.000646898015672581	0.890626276315836	0.014014979923046	0.0093168175260783	ARMENIA1	Gavar
KAZAKISTAN	594312	4	1.52158311067411e-08	0.000139679821977549	1.806108371142e-06	0.991329988624992	2.98402472333195e-05	0.0084986699815952	KAZAKISTAN0	Alga
KAZAKISTAN	594313	2	0.127771722346143	0.452131712195896	0.293594873053825	0.0016955351515452	0.0192558635822494	0.105550293670341	KAZAKISTAN0	Alga
UZBEKISTAN	594324	4	0.000263063507555111	0.000830960165036885	0.0615658810285811	0.936885258223176	2.93932374589729e-06	0.0004518977519048	UZBEKISTAN1	Bukhara
UZBEKISTAN	594325	3	3.90711428975852e-05	0.00188588450788889	0.99775331557051	4.50693348587019e-06	9.21241310397168e-06	0.0003080094321139	UZBEKISTAN1	Bukhara
UZBEKISTAN	594326	3	8.18948279012751e-06	1.17190802837008e-05	0.999338812918573	1.51131077535718e-08	0.000639112883728603	2.1505215171e-06	UZBEKISTAN1	Bukhara
UZBEKISTAN	594327	3	5.80606932879974e-08	2.6998585941638e-06	0.997906863525105	2.59742331799257e-06	0.0020877457721817	3.53601073e-08	UZBEKISTAN1	Bukhara
UZBEKISTAN	594328	3	0.00174742062776921	0.000507523879825533	0.958486600679095	0.000287609622743837	0.0387462616614066	0.0002245835291597	UZBEKISTAN1	Bukhara
UZBEKISTAN	594329	1	0.999463081680464	2.141828042695e-07	3.3469150308109e-06	1.03464999554e-11	1.0235671344e-10	0.0005333571089973	UZBEKISTAN1	Bukhara
UZBEKISTAN	594330	2	4.42943051502314e-07	0.996417837707795	0.00339676441800917	1.0423715118384e-05	0.000144539251063969	2.99919649624e-05	UZBEKISTAN1	Bukhara
UZBEKISTAN	594331	3	8.33461449101636e-06	5.74021572442e-08	0.999793394910311	3.300444273928e-10	0.000197947676384567	2.650666116e-07	UZBEKISTAN1	Bukhara
UZBEKISTAN	594332	3	2.25831648144487e-05	1.06224246264817e-05	0.998772414714006	9.37044121085143e-08	0.000722063661401598	0.0004722223307395	UZBEKISTAN1	Bukhara
UZBEKISTAN	594333	3	0.00258657489368101	1.364888973695e-07	0.997402205158707	2.767357809e-12	8.45227847264483e-06	2.6311774748e-06	UZBEKISTAN1	Bukhara
UZBEKISTAN	594334	3	2.4957643493337e-07	4.69618919312e-08	0.999306883702523	2.71182066335042e-08	0.000691211540367513	1.5811005764e-06	UZBEKISTAN1	Bukhara
UZBEKISTAN	594667	3	0.00027450314553347	2.4973250360285e-06	0.999206222600911	2.88102990972e-11	3.69406929832934e-06	0.0005130828304106	UZBEKISTAN0	Karshi
UZBEKISTAN	594668	6	0.000394512669303725	2.4400875935353e-06	0.000290163972222876	9.42483686890054e-05	2.881258467693e-07	0.999218346776344	UZBEKISTAN0	Karshi
UZBEKISTAN	594669	3	7.11188893931142e-05	1.83659310675018e-05	0.999872065932012	5.79957511025682e-08	3.39588775235824e-05	4.4323742533e-06	UZBEKISTAN0	Karshi
UZBEKISTAN	594671	1	0.474011869237572	0.000228555907204522	0.0531253229961627	5.26703922824127e-05	1.4646117036657e-05	0.472566935349742	UZBEKISTAN0	Karshi
UZBEKISTAN	594672	1	0.993509082392285	1.8164997689267e-06	0.00645089622596015	3.9007161756544e-09	4.00961383665e-09	3.81969716558e-05	UZBEKISTAN0	Karshi
UZBEKISTAN	594674	4	2.22989062435689e-07	0.000271970364764744	0.000781058125341306	0.994790163111812	0.00377606878550536	0.0003805166235144	UZBEKISTAN0	Karshi
UZBEKISTAN	594677	4	1.15558275816391e-07	4.3416680224959e-05	3.86901383953323e-05	0.999902757632861	1.49557408074873e-05	6.42494353e-08	UZBEKISTAN0	Karshi
UZBEKISTAN	594678	6	0.493457036987999	2.8793944781678e-06	1.61741658258471e-05	1.1455403516079e-08	3.27807247943e-09	0.50652389471822	UZBEKISTAN0	Karshi
UZBEKISTAN	594679	3	0.0044531252826477	0.0163361740909392	0.977799967955736	2.23963056942536e-05	1.21220932608967e-05	0.001376214271722	UZBEKISTAN0	Karshi
UZBEKISTAN	594681	3	0.0487754758442059	6.8906231866921e-06	0.950767356424272	9.1275405219928e-09	2.7313485172635e-05	0.0004229544956224	UZBEKISTAN0	Karshi
UZBEKISTAN	594682	3	1.08892715324164e-05	0.000106915284418265	0.997705376707427	9.03371547768726e-08	1.08605487445887e-05	0.0021658678507226	UZBEKISTAN0	Karshi
UZBEKISTAN	594683	3	0.000255504709368426	2.7816747150083e-06	0.998257579764791	1.34627869698789e-08	8.55838273365684e-05	0.0013985365610018	UZBEKISTAN0	Karshi
UZBEKISTAN	594684	6	0.000361914396393326	0.000436780677020468	0.000140297973949955	0.00950165335632405	2.92478753434851e-06	0.989556428808778	UZBEKISTAN0	Karshi
UZBEKISTAN	594685	3	0.000567054767714908	4.20786770789243e-05	0.999373425177367	7.828531487121e-10	1.72206863050723e-05	2.199086803e-07	UZBEKISTAN0	Karshi
UZBEKISTAN	594690	1	0.988866117438415	4.69185173045944e-05	2.82319652974451e-05	1.502935560967e-10	7.20866756115e-09	0.0110587247200216	UZBEKISTAN0	Karshi
UZBEKISTAN	594691	3	0.0210091363385007	2.52457945074702e-05	0.976041685315647	1.51202458059991e-07	0.00141521046957535	0.0015085708793113	UZBEKISTAN0	Karshi
UZBEKISTAN	594692	3	0.00107528110314026	8.2024337608e-09	0.998622653579267	2.38886574162344e-08	4.0096490697574e-07	0.0003016322615943	UZBEKISTAN0	Karshi
UZBEKISTAN	594696	1	0.998018156955543	0.000133569908597629	0.000239408430205705	7.78938371679e-11	1.29122334048629e-05	0.0015959523943554	UZBEKISTAN0	Karshi
UZBEKISTAN	594698	1	0.821252329972349	1.95019545888924e-05	0.169585849257382	1.85955201944959e-06	1.03055991127382e-05	0.0091301536645476	UZBEKISTAN0	Karshi
UZBEKISTAN	594701	3	0.000227568528186415	6.182742821546e-07	0.999688974451663	3.9902068633e-12	4.74582703369875e-06	7.80929148448e-05	UZBEKISTAN0	Karshi
UZBEKISTAN	594702	6	0.00120743543690897	0.0235340622163752	0.00263916453472465	0.00038478466735774	7.6886834794882e-06	0.972226864461154	UZBEKISTAN0	Karshi
UZBEKISTAN	594703	6	0.00949651402367515	5.88234919662424e-05	0.0563353690080234	1.97184495250793e-06	0.063304732881071	0.870802588750312	UZBEKISTAN0	Karshi
UZBEKISTAN	594706	2	0.000548321720908548	0.921704951108902	0.0771154340604914	3.07082842594334e-06	0.000299020986028914	0.0003292012952428	UZBEKISTAN0	Karshi
UZBEKISTAN	594708	1	0.989310944174969	6.1597555384846e-06	1.08387794686705e-05	1.409010058074e-10	8.20249378007e-09	0.0106720489466294	UZBEKISTAN0	Karshi
ARMENIA	594711	2	3.81427693151035e-06	0.926815145505665	5.905514114677e-07	8.17016992259988e-06	1.49927188496581e-06	0.0731707802241841	ARMENIA5	Martumi
ARMENIA	594712	2	2.13182744931319e-08	0.997861050702392	4.688156142149e-07	3.27630031522014e-06	0.0006672941555769	0.001467888707827	ARMENIA5	Martumi
ARMENIA	594715	4	5.426287633397e-11	8.253844156193e-07	2.997445022e-10	0.999995238557659	8.5005178940137e-07	3.0856521286e-06	ARMENIA5	Martumi
ARMENIA	594716	4	3.7301635874955e-10	0.00165215276962226	5.62492381719207e-05	0.993705037845443	0.004552029750628	3.45300231189e-05	ARMENIA5	Martumi
ARMENIA	594718	4	9.8443048778e-13	0.0112347847089509	2.2089228212e-09	0.9887477110595	2.54425923129947e-06	1.49577624102e-05	ARMENIA5	Martumi
ARMENIA	594720	6	2.85645398549296e-05	0.00472728229462304	0.00372222837807059	1.50844984643702e-05	0.00903523093778889	0.982471609351198	ARMENIA5	Martumi
ARMENIA	594724	4	1.932511831596e-11	0.0179840182989647	1.6941970254263e-06	0.969136857302621	0.0128773699585568	6.02235072e-08	ARMENIA5	Martumi
ARMENIA	594725	5	6.1543646333794e-10	4.111836873881e-07	2.09002432625435e-05	3.87088352143954e-06	0.999974812800119	4.2739729e-09	ARMENIA5	Martumi
ARMENIA	594726	2	2.45900968821181e-09	0.978146112596571	5.908889492191e-07	0.000104378320441792	0.0217291944771114	1.97212579172e-05	ARMENIA5	Martumi
ARMENIA	594727	3	4.92119712117123e-05	0.00330320994459911	0.507382709682433	3.9211719736479e-08	0.483484935553185	0.0057798936368516	ARMENIA5	Martumi
ARMENIA	594730	2	7.70393546228905e-07	0.895991037646879	0.00462320669360159	3.22237462561173e-05	0.0922028776081401	0.0071498839115771	ARMENIA5	Martumi
ARMENIA	594734	5	4.08525895301119e-08	0.00612377542624227	2.14471783159093e-05	3.23000584758187e-07	0.99383370075268	2.07127895872e-05	ARMENIA5	Martumi
ARMENIA	594740	2	1.69599584224848e-07	0.989966424961271	0.00317576842086789	1.6768226338112e-06	0.00670970185833329	0.0001462583373096	ARMENIA0	Chambarak
ARMENIA	594741	2	1.97806119743858e-05	0.739959953961191	0.000521291788498555	8.39356831541491e-07	0.245938192319552	0.0135599419619525	ARMENIA0	Chambarak
ARMENIA	594744	6	1.24758398758628e-05	0.0636479342317745	5.3183724093453e-06	8.66054381091169e-07	7.06224456638619e-05	0.936262783055895	ARMENIA5	Martumi
ARMENIA	594843	6	1.92034858350507e-05	0.474443806569211	1.10819075157521e-05	2.11898488849517e-06	0.0010337259227869	0.524490063129762	ARMENIA0	Chambarak
AZERBAIJAN	595072	6	0.00780714010422421	7.190326538833e-07	3.01570257314069e-05	1.04155273781594e-05	1.359432028597e-08	0.992151554715692	AZERBAIJAN1	Ismailly
AZERBAIJAN	595075	6	0.0155475343280919	0.000341709468638166	0.000267884425728545	5.56587996558113e-07	0.000158085923870726	0.983684229265674	AZERBAIJAN1	Ismailly
AZERBAIJAN	595076	1	0.886274116595165	0.00799250221377863	0.00396540597561722	2.8377449962731e-09	1.39382540762931e-06	0.101766578552286	AZERBAIJAN1	Ismailly
AZERBAIJAN	595079	1	0.994697236452164	0.0029163470551251	0.00184126479027164	1.0940486063507e-09	1.95215243880429e-05	0.0005256290840021	AZERBAIJAN1	Ismailly
AZERBAIJAN	595080	6	0.0242269081471406	0.0120236745257072	2.99569138755622e-05	1.21097947229529e-07	1.10289097806109e-06	0.963718236424351	AZERBAIJAN1	Ismailly
AZERBAIJAN	595081	6	5.27301260288032e-05	0.00168192929254584	0.102954309618775	1.8951275263924e-06	0.00806833425439146	0.887240801580732	AZERBAIJAN1	Ismailly
AZERBAIJAN	595083	1	0.972639128245653	5.81426568737055e-05	0.00489108220473202	5.050923513228e-10	1.15442165217321e-06	0.0224104919659971	AZERBAIJAN1	Ismailly
AZERBAIJAN	595085	6	0.000941292608254062	2.39541018529651e-05	0.000878154771217077	1.4271404126941e-09	1.5353847504434e-07	0.99815644355306	AZERBAIJAN1	Ismailly
AZERBAIJAN	595087	5	8.86556610635873e-05	0.130945210151839	0.0551687779945244	5.15578114349294e-05	0.786155178595149	0.027590619785989	AZERBAIJAN1	Ismailly
AZERBAIJAN	595088	6	0.135308049467377	7.14393390835413e-05	3.06901142879401e-05	5.9241976029e-11	2.586199432413e-08	0.864589795158015	AZERBAIJAN1	Ismailly
ARMENIA	595091	6	9.36014940382022e-05	0.00358266330169674	1.8322511980212e-06	2.38292063551308e-08	0.00165816626935795	0.994663712854503	ARMENIA0	Chambarak
ARMENIA	595092	2	1.31209886893278e-09	0.987757603111883	1.8569427141562e-05	4.29040813399994e-05	0.0121745210126599	6.4010548766e-06	ARMENIA0	Chambarak
ARMENIA	595093	5	1.57474636527858e-06	0.000852769829405766	0.000917547843266772	4.54212071793473e-07	0.998179312996755	4.83403721353e-05	ARMENIA0	Chambarak
ARMENIA	595094	2	9.6561311297292e-10	0.999735048123693	9.240955681367e-07	1.23446441359048e-05	0.000238023720986184	1.36584500041e-05	ARMENIA0	Chambarak
ARMENIA	595095	2	2.96827493929822e-09	0.99976185090745	1.790790522074e-07	1.08473932703876e-06	7.19869268652413e-06	0.0002296836132098	ARMENIA0	Chambarak
ARMENIA	595096	2	1.4359735872546e-10	0.999838577335583	1.1617716056215e-06	1.96250131494997e-07	0.000138531969174419	2.15325299077e-05	ARMENIA0	Chambarak
ARMENIA	595098	6	0.000374468852543582	0.00650906935766336	0.0494521656833611	4.57229550523302e-05	0.0435558272550992	0.90006274589628	ARMENIA0	Chambarak
ARMENIA	595100	6	5.66046452120547e-07	0.350956221384222	8.23820571574273e-05	0.00366834077750817	0.0075681561475797	0.637724333587081	ARMENIA0	Chambarak
ARMENIA	595102	5	1.7190446370371e-10	0.000314712797289803	3.6653716858996e-06	4.07335170093474e-05	0.999640716746708	1.713954023e-07	ARMENIA0	Chambarak
ARMENIA	595103	2	6.96872328309483e-07	0.9978377439316	7.192967959925e-07	9.49210230524103e-06	2.43755039880067e-06	0.0021489102465715	ARMENIA0	Chambarak
AZERBAIJAN	595104	6	3.0345126247145e-05	0.000115988392628098	8.01309594464668e-05	0.000159650043175602	0.00020888606377016	0.999404999414733	AZERBAIJAN1	Ismailly
AZERBAIJAN	595105	6	3.14740653129346e-05	1.02809552231124e-05	1.981369040113e-07	2.40346747871293e-05	8.504243544307e-08	0.999933927125337	AZERBAIJAN1	Ismailly
AZERBAIJAN	595106	2	8.46574971004613e-05	0.872462396748308	0.000183833578883214	3.54307884919854e-05	0.000760310293378052	0.126473371093838	AZERBAIJAN1	Ismailly
AZERBAIJAN	595107	1	0.996988284449776	3.0566754544e-09	0.00158225119992059	6.120520843e-13	1.26855150543e-09	0.0014294600244638	AZERBAIJAN1	Ismailly
AZERBAIJAN	595110	6	0.00695268665341785	0.00307003327274807	0.00368633141575215	3.08306863987115e-08	0.000560005565544258	0.985730912261851	AZERBAIJAN1	Ismailly
AZERBAIJAN	595111	6	0.000842080292869392	8.3982979113874e-06	0.136661380998188	4.9458517332594e-07	1.07836819421394e-05	0.862476862143916	AZERBAIJAN1	Ismailly
AZERBAIJAN	595112	3	0.000218185177825777	2.61961620209771e-05	0.647008911431298	2.36063712206248e-06	0.0170681026739875	0.335676243917746	AZERBAIJAN1	Ismailly
AZERBAIJAN	595113	6	0.195838826984098	2.04144009257e-07	0.0136511398715007	1.385022373475e-10	6.4084303250573e-07	0.790509188018857	AZERBAIJAN1	Ismailly
AZERBAIJAN	595114	6	0.000910380606367424	0.0209909204485681	0.0453352654119218	1.05541166634369e-05	0.0280390907882437	0.904713788628236	AZERBAIJAN1	Ismailly
AZERBAIJAN	595115	6	0.0481022538281927	8.91793689004216e-05	0.00886726888413516	4.71519934211117e-08	0.000342903947181881	0.942598346819596	AZERBAIJAN1	Ismailly
AZERBAIJAN	595116	6	1.02608761892511e-07	1.586997092322e-07	4.308551148e-10	7.40530125676815e-07	2.6221185632e-10	0.999998997468336	AZERBAIJAN1	Ismailly
AZERBAIJAN	595117	3	0.350909961014661	4.437171330327e-07	0.648371365891581	6.0052421973228e-09	9.22984488171083e-05	0.0006259249225657	AZERBAIJAN1	Ismailly
AZERBAIJAN	595118	6	0.0587687395348507	0.00415226047237338	5.140432570441e-06	9.453838374076e-09	1.5586348487783e-07	0.937073694242882	AZERBAIJAN1	Ismailly
AZERBAIJAN	595119	1	0.99431412589898	0.000508668440075724	0.00189647668866159	6.68696850442551e-08	6.98332867912583e-05	0.0032108288158065	AZERBAIJAN0	Sis
AZERBAIJAN	595123	6	0.00362176822752833	0.00327930033227436	0.000711363783860623	1.86211941564141e-06	3.2997270868651e-07	0.992385375564212	AZERBAIJAN0	Sis
AZERBAIJAN	595124	3	0.000590918795604058	0.000375808131310826	0.998700007898256	5.41021698322374e-08	0.000307340569695198	2.58705029636e-05	AZERBAIJAN0	Sis
AZERBAIJAN	595126	3	0.0969749510428418	2.83383272479726e-05	0.881125168315314	4.04121094355257e-08	0.000152704310576792	0.0217187975919098	AZERBAIJAN0	Sis
AZERBAIJAN	595127	6	2.89410646697865e-08	0.000927427202868154	3.722889458381e-07	1.76621878863047e-06	0.000542865353932923	0.9985275399944	AZERBAIJAN0	Sis
AZERBAIJAN	595129	3	0.00975859415698913	0.00171056897028654	0.803211888027628	8.9589802585755e-05	0.10096827531174	0.0842610837307706	AZERBAIJAN0	Sis
AZERBAIJAN	595134	6	0.00661940673729047	0.000204557418226968	0.0231362586276149	0.00289652571256756	2.7558306369243e-05	0.967115693197931	AZERBAIJAN0	Sis
AZERBAIJAN	595135	1	0.924175800706083	3.281671926638e-07	0.00488325483316265	1.21688191194665e-05	5.5061654048862e-07	0.0709278968579021	AZERBAIJAN0	Sis
AZERBAIJAN	595136	3	0.00602421240673728	8.93384941717557e-05	0.936963840406262	6.45842561704251e-06	0.000544539298474734	0.0563716109687375	AZERBAIJAN0	Sis
AZERBAIJAN	595137	6	0.123835356389897	4.6896479855488e-06	0.00294459335204292	1.84230550280317e-08	6.87953197231684e-06	0.873208462655047	AZERBAIJAN0	Sis
AZERBAIJAN	595138	2	0.00431118570598636	0.709964850577876	0.0213989662915168	0.0013944871966424	0.163459229082181	0.0994712811457976	AZERBAIJAN0	Sis
AZERBAIJAN	595139	6	0.00122374740460792	9.74389608353276e-05	1.53024008857622e-05	1.64994181796303e-06	3.60396645169e-09	0.998661857687887	AZERBAIJAN0	Sis
AZERBAIJAN	595141	6	0.000305673589325202	0.00269639055230666	0.0167786573971026	0.0212728694636931	0.000218576937198809	0.958727832060374	AZERBAIJAN0	Sis
AZERBAIJAN	595144	6	1.56768219748908e-05	0.00569599234280968	1.165532557792e-07	2.30188818631346e-05	2.8389023025961e-07	0.994264911509866	AZERBAIJAN0	Sis
AZERBAIJAN	595145	3	0.000308904400224554	0.000250577585481939	0.891094781697573	8.88314088374817e-07	0.0845846857393601	0.0237601622632725	AZERBAIJAN0	Sis
AZERBAIJAN	595147	6	1.33163094105361e-05	3.4036785673444e-06	7.9212732274e-09	3.1403335415555e-09	8.408311054414e-08	0.999983184867305	AZERBAIJAN0	Sis
AZERBAIJAN	595148	4	7.48277860025e-12	5.42721230203871e-05	1.67438169264439e-05	0.995884155866616	0.00403612697924069	8.7012067134e-06	AZERBAIJAN0	Sis
AZERBAIJAN	595149	6	0.000168661148330499	6.634064341286e-07	3.62520580813912e-05	4.31950759999341e-06	1.613086147712e-08	0.999790087748692	AZERBAIJAN0	Sis
AZERBAIJAN	595152	6	0.0271742377285655	0.00025527464455893	4.0184053619498e-06	1.24258191470251e-06	3.2191429152e-09	0.972565223420456	AZERBAIJAN0	Sis
AZERBAIJAN	595153	6	4.86296744164586e-05	1.568105463811e-07	2.052493324387e-07	7.056536813676e-10	3.489496039e-10	0.999951007211102	AZERBAIJAN0	Sis
AZERBAIJAN	595154	6	0.000463544736848264	4.082647964043e-07	4.8781337466564e-06	5.80376334458289e-06	2.65540050205367e-06	0.999522709700762	AZERBAIJAN0	Sis
AZERBAIJAN	595155	3	2.87907724972256e-06	2.28061159007e-08	0.987816792950571	4.61246959505492e-06	0.012097065019607	7.86276768611e-05	AZERBAIJAN0	Sis
AZERBAIJAN	595157	3	0.0016001157977128	8.426432100151e-06	0.996824257655327	8.00775004377351e-06	0.00131759960267799	0.0002415927621384	AZERBAIJAN0	Sis
AZERBAIJAN	595159	1	0.992576219274649	1.05374308101e-08	3.2401118195553e-06	1.01455637223e-10	2.879841884e-11	0.0074205299458463	AZERBAIJAN0	Sis
AZERBAIJAN	595160	1	0.999952090888374	5.7192406858e-08	1.1273903423567e-06	6.725338374e-13	1.10692651092e-09	4.67234212777e-05	AZERBAIJAN0	Sis
TAJIKISTAN	596635	1	0.999985011419323	1.2512122788e-09	4.9605672605029e-06	7.6597692673e-12	2.3994558616e-10	1.0026514599e-05	TAJIKISTAN0	Shing
TAJIKISTAN	596636	1	0.999963036103113	2.08600480996e-08	3.45613346708268e-05	1.270593773e-13	3.664696599e-11	2.3816653936e-06	TAJIKISTAN0	Shing
TAJIKISTAN	596638	1	0.999800867954637	7.68362394e-11	1.39142303803214e-05	1.62729163e-14	1.4169984378e-10	0.00018521759643	TAJIKISTAN0	Shing
TAJIKISTAN	596639	1	0.999989881771007	2.961268575e-10	4.2077263294418e-06	1.07562108e-14	1.4976072e-13	5.910206376e-06	TAJIKISTAN0	Shing
TAJIKISTAN	596640	1	0.990368143839581	2.71042893923212e-05	0.00816780839339472	2.49059277759457e-05	2.1001092964448e-07	0.0014118275389266	TAJIKISTAN0	Shing
TAJIKISTAN	596643	1	0.912088450079365	6.099256343e-10	9.1752297990034e-06	3.404516880823e-10	2.47080404194e-09	0.0879023712696544	TAJIKISTAN0	Shing
TAJIKISTAN	596644	6	2.23471537135834e-05	4.10777457276233e-05	9.7805912028179e-06	0.000121882678816641	2.451733898311e-08	0.9998048873132	TAJIKISTAN0	Shing
TAJIKISTAN	596645	3	0.00456015984763884	3.81677692234e-08	0.994982790145364	1.2212542383472e-09	0.000453019424146712	3.9911938269e-06	TAJIKISTAN0	Shing
TAJIKISTAN	596647	1	0.999969286381567	1.017279562e-10	2.59135173656334e-05	5.54291603193e-11	1.900271618e-10	4.799753883e-06	TAJIKISTAN0	Shing
TAJIKISTAN	596648	1	0.999999950037608	1.087782356e-10	6.547192725e-10	5.7825217001801e-09	2.535867659e-11	4.33910135e-08	TAJIKISTAN0	Shing
TAJIKISTAN	596650	1	0.998817313622655	8.657534083e-10	0.00106075585878305	4.82539484e-14	7.719638705e-11	0.0001219295755636	TAJIKISTAN1	Zeravshan
TAJIKISTAN	596651	1	0.961118920820725	1.774982274062e-07	0.0384080506363041	7.7188311356734e-09	1.76936467806589e-06	0.0004710739612344	TAJIKISTAN0	Shing
TAJIKISTAN	596653	1	0.999742118091321	1.41816565e-11	0.000226140802564933	1.1841074e-15	3.266434148e-11	3.17410592674e-05	TAJIKISTAN0	Shing
TAJIKISTAN	596655	1	0.999988789335636	5.3746060776e-09	8.09786303372e-08	5.99862605e-14	5.2068664e-13	1.11243105472e-05	TAJIKISTAN0	Shing
TAJIKISTAN	596657	1	0.871642012148103	1.4421029380159e-06	1.86882570302021e-05	3.088060151609e-10	2.030290296404e-08	0.128337836880219	TAJIKISTAN0	Shing
TAJIKISTAN	596661	1	0.999957602492292	2.880116499e-10	3.22371331500648e-05	1.76277267541e-10	7.0894136149e-10	1.01592013273e-05	TAJIKISTAN0	Shing
TAJIKISTAN	596662	1	0.976113493416046	1.075591094594e-07	0.023292930394583	4.9514988017e-11	1.1156919510723e-07	0.0005933570115519	TAJIKISTAN1	Zeravshan
TAJIKISTAN	596666	3	0.00470498567703776	3.22276116563e-08	0.99511140475014	1.82633195487049e-06	8.2063054468361e-07	0.0001809303827109	TAJIKISTAN1	Zeravshan
TAJIKISTAN	596667	6	0.00108318652304114	0.000462212608258883	0.348106252009218	5.85667163481122e-05	2.42984280018676e-06	0.650287352300333	TAJIKISTAN2	Khorog
TAJIKISTAN	596671	1	0.990014370605254	2.172016555318e-06	0.000347462606992599	2.54397311834e-11	3.8531067564e-10	0.0096359943604477	TAJIKISTAN1	Zeravshan
TAJIKISTAN	596672	1	0.999992543722698	2.5678472807e-09	5.9638670124843e-06	2.9389173057e-12	2.469554633e-11	1.4898148078e-06	TAJIKISTAN1	Zeravshan
TAJIKISTAN	596675	1	0.821195041017576	2.00492638682256e-05	0.17510530106757	5.96809985390816e-05	0.00271623021548421	0.0009036974369623	TAJIKISTAN1	Zeravshan
TAJIKISTAN	596676	1	0.982370142862384	6.77962316099e-08	0.0176168527402669	1.05919863743e-11	5.250610232e-11	1.29365380199e-05	TAJIKISTAN1	Zeravshan
TAJIKISTAN	596677	1	0.988638382729577	5.913185998e-10	0.0113597405354258	3.584906734e-13	4.60747168118e-09	1.8715358486e-06	TAJIKISTAN1	Zeravshan
TAJIKISTAN	596680	1	0.999698965400895	9.23808790905e-08	0.000189533524654717	7.4801763689465e-09	1.259417821227e-08	0.000111388619217	TAJIKISTAN3	Kalaikhum
TAJIKISTAN	596681	1	0.999904798359183	1.346499402947e-07	9.289200839164e-06	3.684621543e-13	5.269454292e-11	8.5777736975e-05	TAJIKISTAN3	Kalaikhum
TAJIKISTAN	596682	1	0.957588591888679	5.7384479121812e-06	0.00485356437782032	3.63325008070545e-08	9.12000076594e-09	0.0375520598330873	TAJIKISTAN3	Kalaikhum
TAJIKISTAN	596683	1	0.999303625653164	3.0642353496e-09	1.8484333836613e-06	6.83183074985e-11	2.777624322e-11	0.0006945227531223	TAJIKISTAN3	Kalaikhum
TAJIKISTAN	596684	3	9.92146218498339e-05	6.79556854331e-07	0.999896079256218	4.8006301018454e-09	1.86752079855281e-06	2.1542436495e-06	TAJIKISTAN3	Kalaikhum
TAJIKISTAN	596685	1	0.999831221613055	2.0416681157e-09	0.00016835407959453	7.129440613e-13	1.927641262083e-08	4.029885573e-07	TAJIKISTAN3	Kalaikhum
TAJIKISTAN	596687	1	0.803715993102629	5.0744442617e-08	0.196262871798619	4.67305192796e-11	1.059905011086e-08	2.10737085294e-05	TAJIKISTAN3	Kalaikhum
TAJIKISTAN	596688	1	0.993151150022924	1.499530886245e-07	0.00669947005803842	2.4182071497177e-09	1.12227971848e-09	0.0001492264254624	TAJIKISTAN3	Kalaikhum
TAJIKISTAN	596689	1	0.99959391390976	4.2465676766e-09	0.000402629174094625	1.931999483e-13	1.2726975995e-09	3.4513966869e-06	TAJIKISTAN3	Kalaikhum
TAJIKISTAN	596690	1	0.999848920760411	4.57736329859e-08	4.62261108304157e-05	1.9934597773e-12	2.826197034e-11	0.0001048073248707	TAJIKISTAN3	Kalaikhum
TAJIKISTAN	596692	1	0.999987698233129	1.2393522188e-09	8.83565437101e-08	9.807474e-16	2.5542841e-13	1.22121707185e-05	TAJIKISTAN3	Kalaikhum
TAJIKISTAN	596693	1	0.99620917527427	1.6589479255e-09	0.00378809902061603	3.094143324e-12	2.5333913089e-10	2.7237897329e-06	TAJIKISTAN3	Kalaikhum
TAJIKISTAN	596694	1	0.995990167705098	5.84650361302e-07	0.00207313258234474	2.62367604599152e-06	1.3905075700666e-07	0.0019333523353933	TAJIKISTAN3	Kalaikhum
TAJIKISTAN	596695	1	0.999834948173007	4.33190722e-11	0.000159609343871641	3.2540124783e-12	3.00388474e-12	5.4424335439e-06	TAJIKISTAN3	Kalaikhum
TAJIKISTAN	596696	1	0.999993606622012	2.99685478842e-08	5.8204913080652e-06	4.61132811924e-11	1.36343818078e-09	5.415085802e-07	TAJIKISTAN3	Kalaikhum
TAJIKISTAN	596697	1	0.973660665874286	6.00937099697e-08	0.00252577668372424	7.64776820328057e-06	1.63510134522379e-05	0.0237894985666247	TAJIKISTAN3	Kalaikhum
TAJIKISTAN	596698	3	0.00239545072694507	3.1196082267941e-06	0.997585255631031	1.5030108735625e-09	1.78007736034289e-06	1.43924534265e-05	TAJIKISTAN3	Kalaikhum
TAJIKISTAN	596699	1	0.999998138991823	2.6613992e-12	1.1988833888328e-06	3.576485e-16	4.48637369e-12	6.621176404e-07	TAJIKISTAN3	Kalaikhum
TAJIKISTAN	596700	3	4.86772008454957e-06	0.000447027355283648	0.994344914888904	3.63814793583471e-06	0.00476678545627998	0.0004327664315125	TAJIKISTAN2	Khorog
TAJIKISTAN	596702	1	0.995724827290953	7.5759128532083e-06	3.24338229758516e-05	6.6256408076055e-09	3.83170634502e-09	0.0042351525158712	TAJIKISTAN2	Khorog
TAJIKISTAN	596703	1	0.875392201176541	0.000117309628312066	0.0984024819872682	1.7535422262487e-09	2.92745117606375e-05	0.0260587309425758	TAJIKISTAN2	Khorog
TAJIKISTAN	596704	4	0.000109976125095353	8.815194865237e-06	0.00145177051082893	0.998308721934361	6.36479813087623e-06	0.0001143514367185	TAJIKISTAN2	Khorog
TAJIKISTAN	596705	3	8.60753212857706e-05	8.4701012547e-09	0.999830669526596	9.11995971841534e-08	7.10914905723143e-05	1.20639918478e-05	TAJIKISTAN2	Khorog
TAJIKISTAN	596706	1	0.99998337467474	6.5834671e-12	1.54137980131667e-05	6.546296551e-13	5.6290360794e-10	1.2109571052e-06	TAJIKISTAN2	Khorog
TAJIKISTAN	596707	1	0.982682705073569	1.90975433676169e-05	0.00849849779942211	1.2476226427545e-09	6.414689201297e-08	0.0087996341891266	TAJIKISTAN2	Khorog
TAJIKISTAN	596708	3	0.0965281733501786	2.234711290761e-07	0.903400658247265	6.3749526049e-12	2.11882186601311e-05	4.97567063926e-05	TAJIKISTAN2	Khorog
TAJIKISTAN	596709	1	0.995238499367891	6.26402741831e-08	0.00466229705515307	4.87914088789e-11	7.756930228042e-08	9.9063318588e-05	TAJIKISTAN2	Khorog
TAJIKISTAN	596710	3	1.50550747952747e-05	3.477648822735e-07	0.997900248522362	1.5982754383303e-09	0.00207451748214104	9.829557544e-06	TAJIKISTAN2	Khorog
TAJIKISTAN	596713	3	0.201732212465359	2.01292352521737e-05	0.755701067001034	2.68383658225962e-08	0.0412049450073654	0.0013416194526236	TAJIKISTAN2	Khorog
TAJIKISTAN	596714	1	0.999994422984007	1.19743392e-11	1.2628561635751e-06	1.5974699e-15	4.4990506e-13	4.3141474031e-06	TAJIKISTAN2	Khorog
TAJIKISTAN	596715	1	0.994109206837005	4.54842962e-11	0.00588362713722896	1.595700744e-13	3.9315532783e-10	7.1655869665e-06	TAJIKISTAN2	Khorog
TAJIKISTAN	596716	6	0.000487910353500153	2.0867080588564e-06	0.0029475285318359	0.0270745980664033	3.4870815026772e-07	0.969487527632051	TAJIKISTAN2	Khorog
TAJIKISTAN	596718	1	0.953009558334876	3.478955307701e-07	0.0290526616651283	3.75263831977212e-08	8.977233568267e-08	0.017937304805746	TAJIKISTAN2	Khorog
TAJIKISTAN	596721	1	0.999466269145256	1.82834919037e-08	2.973560030565e-07	2.2597327956e-12	4.76468660868e-09	0.0005334104483022	TAJIKISTAN2	Khorog
TAJIKISTAN	596722	1	0.999966167276615	9.155243759e-10	3.06108039809514e-05	5.488915495e-13	2.420518513e-10	3.2207612792e-06	TAJIKISTAN2	Khorog
TAJIKISTAN	596723	1	0.958957627230194	4.064764413469e-07	0.0370858903995345	9.83600166076e-11	2.17027420352479e-06	0.0039539055212668	TAJIKISTAN2	Khorog
TAJIKISTAN	596724	1	0.862955554692294	0.000272437942342893	0.0590953194837132	9.36827229860935e-07	5.03624456856739e-05	0.0776253886087345	TAJIKISTAN2	Khorog
TAJIKISTAN	596727	1	0.996106437831343	2.3760588809e-09	3.796342181142e-07	4.804211205736e-10	1.7370932727e-10	0.0038931795042495	TAJIKISTAN2	Khorog
TAJIKISTAN	596728	3	0.000130814663970878	2.631880583e-09	0.999868630616651	5.97799226977e-11	1.6871746919257e-07	3.833102483e-07	TAJIKISTAN2	Khorog
TAJIKISTAN	596729	3	0.406777509177405	1.37014728348261e-05	0.592592088619253	1.4542584174216e-09	5.45684604868503e-06	0.0006112424301996	TAJIKISTAN2	Khorog
TAJIKISTAN	596730	1	0.999967548156727	9.396364792e-10	2.0681251080497e-05	4.60381914e-14	4.3428725e-12	1.17696481674e-05	TAJIKISTAN2	Khorog
TAJIKISTAN	596732	4	4.12520785230918e-08	0.000639905726999981	2.35920922752113e-05	0.963138420661865	1.80243434498417e-06	0.0361962378324362	TAJIKISTAN2	Khorog
TAJIKISTAN	596733	3	0.000114281628440442	2.850524435883e-07	0.999878371230748	1.153510575944e-10	6.78000676733182e-06	2.819662495e-07	TAJIKISTAN2	Khorog
TAJIKISTAN	596735	1	0.999990454930453	8.857575168e-10	8.1239548542534e-06	8.433018817e-13	2.9011574011e-10	1.4199379766e-06	TAJIKISTAN4	Rushan
TAJIKISTAN	596737	1	0.985033042082845	1.763697800084e-07	0.0141685037746991	2.20416508528592e-07	1.9673486903861e-07	0.0007978606212982	TAJIKISTAN4	Rushan
TAJIKISTAN	596738	1	0.999988601651025	1.46115553e-10	2.0432651004919e-06	2.066194618e-13	2.93462742e-12	9.3549346178e-06	TAJIKISTAN4	Rushan
TAJIKISTAN	596739	1	0.999826442029102	2.4873349605e-08	0.000159946415654687	1.1395974985e-11	8.8316820999e-10	1.35857873295e-05	TAJIKISTAN4	Rushan
TAJIKISTAN	596740	1	0.506267890443113	0.000653198855979141	0.479667953529031	1.2042124588917e-09	1.68823979944885e-05	0.0133940735696702	TAJIKISTAN4	Rushan
TAJIKISTAN	596742	1	0.998723313563092	8.56771434e-11	2.1193268580861e-06	1.5289895383714e-09	6.340641675e-11	0.0012745654319771	TAJIKISTAN4	Rushan
TAJIKISTAN	596743	1	0.955803513664036	2.00090030291e-08	0.000223127846548213	1.06734659837406e-08	4.6484138114e-10	0.0439733273421054	TAJIKISTAN4	Rushan
TAJIKISTAN	596744	1	0.999994465988066	8.700162e-13	4.775394313849e-07	3.583737e-16	4.623076e-14	5.0564715861e-06	TAJIKISTAN4	Rushan
TAJIKISTAN	596745	1	0.999953198616738	3.86550081539e-08	6.7428300764845e-06	3.48875730414e-11	2.813873363e-11	4.00198351509e-05	TAJIKISTAN4	Rushan
TAJIKISTAN	596747	4	5.9201475118731e-10	3.635883585e-10	5.315832102046e-07	0.999997107789219	2.20382943612693e-06	1.558425316e-07	TAJIKISTAN4	Rushan
TAJIKISTAN	596748	4	4.02309192395877e-07	3.41476580329803e-05	3.69973447094e-08	0.997379183346399	6.04589676758e-09	0.0025862236431343	TAJIKISTAN4	Rushan
TAJIKISTAN	596749	1	0.951757767399813	0.000223443049498348	0.0274561351772746	1.77256100553e-10	3.6154689106649e-05	0.0205264995070513	TAJIKISTAN4	Rushan
TAJIKISTAN	596750	1	0.979220867082077	9.2087697281676e-06	0.00619761946159913	6.7377881140461e-09	7.86621523973e-09	0.0145722900825923	TAJIKISTAN4	Rushan
TAJIKISTAN	596751	3	0.0155288241343728	1.0098256184844e-06	0.9820629756601	8.37891941862791e-07	0.000155140737005953	0.0022512117509608	TAJIKISTAN4	Rushan
TAJIKISTAN	596752	6	0.1997823101436	0.012757756957882	5.17434087157345e-05	9.60735455524786e-05	0.000930708050642623	0.786381407893607	TAJIKISTAN4	Rushan
TAJIKISTAN	596753	1	0.993318658386002	7.1277316790566e-06	0.00599756549562197	1.37183500403442e-08	3.62907945637919e-05	0.0006403438737829	TAJIKISTAN4	Rushan
TAJIKISTAN	596754	6	0.00886089374444111	0.00118215567705972	0.0362441617416934	1.95342674828885e-08	2.04394202193474e-06	0.953710725360516	TAJIKISTAN4	Rushan
UZBEKISTAN	596757	1	0.999769210697918	7.81861176662e-08	0.000119923015325063	1.1576849422e-12	4.9576798605e-10	0.0001107876037133	UZBEKISTAN2	Tashkent
UZBEKISTAN	596758	1	0.999695414115781	1.73377516614e-08	0.000201773768823982	1.5548085e-14	6.296567109e-11	0.0001027947146618	UZBEKISTAN2	Tashkent
UZBEKISTAN	596759	3	0.000456832766373968	1.6853601616506e-06	0.999501845832464	1.7403291636981e-09	4.8128337683554e-07	3.91530172943e-05	UZBEKISTAN2	Tashkent
UZBEKISTAN	596760	3	0.000189314191146005	8.3219545815287e-06	0.995379865694114	4.4878762356909e-08	0.00440985162292399	1.26016584724e-05	UZBEKISTAN2	Tashkent
UZBEKISTAN	596763	1	0.95577793348374	1.22740049647503e-05	0.0244068366908769	1.996632949944e-10	1.3437101048403e-07	0.0198028212497443	UZBEKISTAN2	Tashkent
UZBEKISTAN	596764	3	4.68140465822228e-07	1.15334603863513e-05	0.995864349817166	8.55365709519749e-06	0.00321798354741295	0.0008971113774736	UZBEKISTAN2	Tashkent
KAZAKISTAN	596765	1	0.990529135246749	3.1881833141e-09	0.00946560175524345	5.81066128159e-11	3.798787194724e-08	5.2217638458e-06	KAZAKISTAN1	Almaty
KAZAKISTAN	596769	3	0.0389951700489994	3.820307446522e-06	0.960125312133321	1.3720932998714e-09	0.000191676371270246	0.00068401976687	KAZAKISTAN1	Almaty
KAZAKISTAN	596770	3	0.0754253194766165	0.00118333174895762	0.862707920232413	9.41340858800409e-07	0.00198854610915511	0.0586939410919986	KAZAKISTAN1	Almaty
KAZAKISTAN	596771	1	0.995922205672188	1.092274298129e-06	1.35563595616996e-05	6.4760020817e-12	2.31325584189e-09	0.0040631433742198	KAZAKISTAN1	Almaty
KAZAKISTAN	596773	3	0.000851262623552415	0.000129229864481975	0.995785834559643	1.141704357958e-10	0.00296466127507913	0.0002690115630729	KAZAKISTAN1	Almaty
KAZAKISTAN	596774	3	1.62834874884956e-05	0.000560533131468184	0.828108975396459	0.000130855307108488	0.171160452110702	2.29005667739e-05	KAZAKISTAN1	Almaty
KAZAKISTAN	596775	3	4.79008488253585e-06	0.00156208170383919	0.914244305566212	0.00037121669567777	0.0838150892335683	2.5167158205e-06	KAZAKISTAN1	Almaty
KAZAKISTAN	596776	3	1.05425152018273e-05	2.6706566514216e-06	0.998234090569646	1.667786504279e-10	0.00175240005399057	2.960377316e-07	KAZAKISTAN1	Almaty
KAZAKISTAN	596777	3	0.000231354467562397	1.36215648540895e-05	0.731250771007078	6.34954348371211e-05	0.268399831318526	4.09262071423e-05	KAZAKISTAN1	Almaty
KAZAKISTAN	596780	3	7.28767842266533e-05	0.00117625748322778	0.990384848927725	5.1398677667239e-07	0.00738011805610519	0.0009853847619389	KAZAKISTAN1	Almaty
KAZAKISTAN	596782	3	0.0199054171954543	8.0622232254758e-06	0.957916054102903	3.29223108590152e-05	0.021761974024786	0.0003755701427722	KAZAKISTAN1	Almaty
KAZAKISTAN	596783	5	7.31609830929613e-08	0.000100077660533229	0.403158892633089	8.06732072038777e-07	0.596719722506084	2.04273072391e-05	KAZAKISTAN1	Almaty
KAZAKISTAN	596784	3	3.26980093620841e-07	0.000671695490425464	0.990247271939854	4.83451266163229e-07	0.00903157675569757	4.86453826632e-05	KAZAKISTAN1	Almaty
KAZAKISTAN	596785	3	0.0011233529723161	1.460384504375e-07	0.998590783989256	2.7178086407e-12	1.76844511345539e-05	0.0002680325461252	KAZAKISTAN1	Almaty
KAZAKISTAN	596787	3	0.0343407852599729	0.00319311178485194	0.960949392824238	2.68227595255675e-08	0.000904122440582591	0.0006125608675949	KAZAKISTAN0	Alga
KAZAKISTAN	596788	4	2.83413974294316e-06	0.0118417258248544	9.78012429612231e-05	0.964762154445352	0.000620073024893908	0.0226754113221959	KAZAKISTAN0	Alga
KAZAKISTAN	596789	6	7.3466860486475e-06	1.1678583706411e-06	0.00022288792843621	5.62898486630322e-06	7.3369004786851e-07	0.99976223485223	KAZAKISTAN0	Alga
KAZAKISTAN	596790	3	0.000135623554848886	2.38517449223128e-05	0.998178701469512	4.78900064261956e-08	2.03890056249594e-06	0.0016597364401476	KAZAKISTAN0	Alga
KAZAKISTAN	596791	3	0.00108944206704309	3.8936530366647e-06	0.99878095207926	3.18415957208663e-05	7.82284167550563e-05	1.56421881845e-05	KAZAKISTAN0	Alga
KAZAKISTAN	596792	3	3.16324653121552e-06	5.295775897263e-06	0.999968411012491	1.11035535318461e-05	9.42546377409246e-06	2.6009477744e-06	KAZAKISTAN0	Alga
KAZAKISTAN	596793	1	0.996585604841013	3.89436303007e-08	0.00338567675737536	5.12194516199285e-08	1.62186458970488e-06	2.70063739402e-05	KAZAKISTAN0	Alga
KAZAKISTAN	596794	1	0.999677873252256	2.04139579164e-08	0.000219394934927919	4.49929913442644e-08	3.78698951075e-09	0.0001026626188776	KAZAKISTAN0	Alga
KAZAKISTAN	596795	4	5.89619666668438e-05	7.2902460412963e-06	1.5261644785678e-06	0.97939401812013	1.82789774498742e-06	0.0205363756049381	KAZAKISTAN0	Alga
KAZAKISTAN	596796	6	0.0245694490115767	0.00117277781323305	2.24541336038252e-05	1.23575473863889e-05	1.9210978806795e-07	0.974222769384412	KAZAKISTAN1	Almaty
KAZAKISTAN	596800	3	0.00538219936702552	0.000198410033535664	0.994396565220141	5.2261408109749e-08	6.59208902223793e-06	1.61810288677e-05	KAZAKISTAN1	Almaty
KAZAKISTAN	596801	6	0.234188764716039	2.61048551214804e-05	0.000444641534549064	1.05016390443897e-06	8.1703488962313e-07	0.765338621695496	KAZAKISTAN1	Almaty
KAZAKISTAN	596803	6	0.000568333903865995	3.49661259746e-07	0.00437660036700717	0.000152554340993921	3.5205475343e-08	0.994902126521398	KAZAKISTAN1	Almaty
KAZAKISTAN	596804	6	2.1971923928499e-05	0.00126432981043587	7.18270493167213e-05	1.64810157879952e-06	4.4467316103278e-07	0.998639778441579	KAZAKISTAN1	Almaty
UZBEKISTAN	596812	1	0.998788443419659	1.0642997610528e-06	0.000722184791620682	2.74848545019e-11	8.17314000253e-08	0.0004882257300742	UZBEKISTAN2	Tashkent
UZBEKISTAN	596814	6	0.0294517637024316	0.00796290986608089	0.000391110110477416	2.35971001724934e-08	9.73630076667192e-06	0.962184456423143	UZBEKISTAN2	Tashkent
UZBEKISTAN	596817	1	0.99984577934739	1.061764409e-10	0.000153473792122089	2.62488543e-14	2.7215021237e-10	7.464821354e-07	UZBEKISTAN2	Tashkent
UZBEKISTAN	596818	1	0.999841997178301	2.9824821772e-08	9.29882284868157e-05	1.179270221e-13	9.321544229e-11	6.49846750569e-05	UZBEKISTAN2	Tashkent
UZBEKISTAN	596819	1	0.999190215534352	2.0933965183666e-06	0.000773671203456129	2.19147612477e-11	4.285383505243e-08	3.39769899234e-05	UZBEKISTAN2	Tashkent
UZBEKISTAN	596820	1	0.546756422727597	0.00362163233876903	0.437819521188545	2.4833686056257e-07	0.00453739928596443	0.007264776122264	UZBEKISTAN2	Tashkent
UZBEKISTAN	596821	3	0.00114635317538682	1.554564486553e-07	0.9975571697165	1.56727651404e-11	1.51936229220502e-06	0.0012948022736997	UZBEKISTAN2	Tashkent
UZBEKISTAN	596822	1	0.99892647763469	2.8729115196e-09	0.00105626417224547	6.03879912e-13	4.665888412e-11	1.72552728903e-05	UZBEKISTAN2	Tashkent
UZBEKISTAN	596824	1	0.997239437890703	2.2554682403e-08	0.00275810905349767	2.1117304105e-12	2.00577180378e-09	2.4284932334e-06	UZBEKISTAN2	Tashkent
UZBEKISTAN	596825	3	0.00184069830266295	7.17403718901e-08	0.998144402235463	2.2640014163e-12	1.03398222496997e-06	1.37937370134e-05	UZBEKISTAN2	Tashkent
UZBEKISTAN	596826	3	0.000582183080730165	8.793044492673e-07	0.999405074462505	4.190223585637e-10	2.00111792778743e-06	9.8616153652e-06	UZBEKISTAN2	Tashkent
UZBEKISTAN	596829	1	0.999708631405126	6.39582742e-11	0.000267487334806835	9.35712595e-14	2.0893076051e-10	2.38809870847e-05	UZBEKISTAN2	Tashkent
UZBEKISTAN	596830	1	0.999959249368717	1.28345145e-11	8.3987538456388e-06	2.88572675e-14	1.07723831e-12	3.23518634967e-05	UZBEKISTAN2	Tashkent
UZBEKISTAN	596832	3	0.114964731633457	0.000204727002529823	0.884724603867818	8.26345822907523e-07	7.69493523586103e-05	2.81617980135e-05	UZBEKISTAN0	Karshi
GEORGIA	605405	4	2.15976858828221e-07	5.08645242454078e-05	5.0366058499e-09	0.999923651847684	7.0633003298838e-07	2.45562845729e-05	GEORGIA1	Kakheti
GEORGIA	605406	2	0.000138618668440908	0.849044015649741	2.4742532197299e-06	0.000362291681911774	2.7204660986551e-05	0.1504253950857	GEORGIA1	Kakheti
GEORGIA	605407	2	5.4404699319266e-10	0.99995081824175	2.4510353373e-09	6.92332588439746e-06	8.9244046085978e-07	4.1362996822e-05	GEORGIA1	Kakheti
GEORGIA	605408	3	3.96869003711692e-05	0.00256787946909721	0.961993649326961	5.21783955540947e-06	0.0353061605379098	8.74059261056e-05	GEORGIA1	Kakheti
GEORGIA	605411	5	0.00117669911373533	0.00012732661949651	0.0172295087257188	3.23653907922707e-08	0.970989945090319	0.0104764880853393	GEORGIA1	Kakheti
GEORGIA	605412	4	9.0750793456e-13	1.2697888173805e-06	2.336673437e-10	0.999998674735145	3.666774400701e-08	1.85737193e-08	GEORGIA1	Kakheti
GEORGIA	605413	4	3.30364715925e-12	0.003227150197223	4.87246668706e-08	0.987999917097656	0.00876418420278882	8.6997743612e-06	GEORGIA1	Kakheti
GEORGIA	605414	6	0.00447186518799726	0.00415096920199446	0.0163709514446478	0.000239909403481997	7.17582269801766e-05	0.974694546534899	GEORGIA1	Kakheti
GEORGIA	605415	6	0.000111892828915348	0.0362495851943813	0.017701110941984	1.53567283366445e-05	0.0123291872669234	0.933592867039459	GEORGIA1	Kakheti
GEORGIA	605416	5	5.80234542910266e-07	0.0115285711004622	0.000249591202747239	0.00136020802020359	0.986818339916754	4.27095252902e-05	GEORGIA1	Kakheti
GEORGIA	605418	2	7.2843150949645e-10	0.994971246180719	2.325826948326e-07	0.00417809137379434	6.49533550475264e-05	0.0007854757793135	GEORGIA1	Kakheti
GEORGIA	605419	5	4.060043928127e-11	0.000196958909201179	1.35173058362438e-05	0.00138006166287724	0.998405150222045	4.3118594399e-06	GEORGIA1	Kakheti
GEORGIA	605422	5	9.8421838353e-13	0.00192704924870185	1.6913493586723e-06	0.000779611581468839	0.997287308802208	4.3390172783e-06	GEORGIA1	Kakheti
GEORGIA	605424	5	6.57737635662138e-05	0.0179697432270307	0.0711317666392056	5.37970927878447e-05	0.862775688553029	0.0480032307243805	GEORGIA1	Kakheti
GEORGIA	605425	5	4.1985119767048e-10	1.111478896505e-07	0.00100402447531368	4.27209851718033e-08	0.998995775424822	4.5811138e-08	GEORGIA1	Kakheti
GEORGIA	605426	5	0.000968156294119481	0.00141879888291292	0.322324635810523	1.0335065973858e-05	0.675065655154842	0.0002124187916284	GEORGIA1	Kakheti
GEORGIA	605427	5	1.22471273784803e-07	5.0936028911139e-06	0.0158395759778323	1.23366696605226e-07	0.984149149196124	5.935385182e-06	GEORGIA1	Kakheti
GEORGIA	605428	5	6.19237105319205e-07	9.178502923041e-07	0.0248941339573331	1.34224118103386e-06	0.975100114930489	2.8717835992e-06	GEORGIA1	Kakheti
GEORGIA	605429	5	5.08614005534812e-07	0.000462439644478576	0.00776661364094636	3.28813844020956e-06	0.988333670618601	0.0034334793435283	GEORGIA1	Kakheti
GEORGIA	605430	5	2.89703102364567e-07	0.0212618474754346	0.000412897963223821	6.39558582176344e-07	0.978029815828613	0.0002945094710439	GEORGIA1	Kakheti
GEORGIA	605432	5	2.89084623509e-11	2.1129364945995e-06	0.00175619953745498	9.6687422820919e-09	0.99824167664492	1.1834801e-09	GEORGIA1	Kakheti
GEORGIA	605433	6	3.55843943502504e-05	0.00272330932098126	0.000346766290039855	1.73898898038086e-05	8.67325846579658e-05	0.996790217520167	GEORGIA1	Kakheti
GEORGIA	605440	5	1.77254041723e-11	1.885899087442e-07	3.6078332016538e-06	7.2664490577951e-09	0.999996195647601	6.451142e-10	GEORGIA1	Kakheti
GEORGIA	605442	2	1.43245582188357e-05	0.987053746304462	0.00095619126744431	0.00559743636405012	0.000620219270257308	0.0057580822355674	GEORGIA1	Kakheti
GEORGIA	605443	4	4.1200684662295e-10	0.00258763092280306	3.84513272979092e-05	0.994290160389862	0.00141364947976087	0.0016701074682691	GEORGIA1	Kakheti
GEORGIA	605444	2	2.35423704147565e-07	0.99785403558269	0.000752854333443526	9.3550544020854e-08	0.00137987477190353	1.29063377151e-05	GEORGIA1	Kakheti
GEORGIA	605445	5	1.2075255775e-13	9.87842696815679e-05	1.26474212751429e-05	0.000276744861402482	0.99961180901066	1.44368599e-08	GEORGIA1	Kakheti
GEORGIA	605446	5	6.28655115770719e-08	0.000957773590141233	0.000361358276201649	5.60353350693094e-08	0.998680065939484	6.83293326e-07	GEORGIA2	Mtskheta_Mtianeti
GEORGIA	605447	2	5.44578205567231e-07	0.999611615848978	2.20547627294549e-05	9.72864949842041e-06	0.000287027506812671	6.90286537756e-05	GEORGIA1	Kakheti
GEORGIA	605448	2	6.03545985725307e-06	0.748165504229503	0.00142144349265729	0.0489213248339047	0.125935650838675	0.0755500411454036	GEORGIA1	Kakheti
GEORGIA	605449	2	6.11779950496512e-08	0.957206851397754	0.000470354489541365	0.00214903053060906	0.0401330064627179	4.06959413827e-05	GEORGIA1	Kakheti
GEORGIA	605450	5	5.91075697952e-12	0.00097154178660718	2.627117346343e-07	0.0683703037181749	0.930657451891508	4.398860649e-07	GEORGIA1	Kakheti
GEORGIA	605451	2	8.9373221062412e-10	0.998393258963684	4.2191595791928e-06	0.000156408220367476	0.00143640552486351	9.7072377737e-06	GEORGIA1	Kakheti
GEORGIA	605453	6	0.000182102954490753	0.309816374554796	0.000593249770234229	0.000134806118610361	0.0001013026879132	0.689172163913955	GEORGIA1	Kakheti
GEORGIA	605454	2	4.820902639947e-11	0.721795693865284	4.62375318e-10	0.278174489877149	7.22995435310095e-06	2.2585792629e-05	GEORGIA1	Kakheti
GEORGIA	605455	4	1.298534217863e-11	2.70954328822216e-05	1.178860292e-10	0.999968890757427	2.98554588561e-09	4.0106932737e-06	GEORGIA1	Kakheti
GEORGIA	605456	4	5.23300886258438e-09	1.56079371073315e-05	2.32498004367865e-05	0.999913200409253	4.74257000893556e-05	5.109201049e-07	GEORGIA1	Kakheti
GEORGIA	605457	6	9.42839133520538e-07	0.0613836736325064	0.000213726309936872	0.0164895155748493	3.96461810752835e-05	0.921872495462499	GEORGIA1	Kakheti
GEORGIA	605458	4	1.145975023e-14	6.4631303194e-08	2.82600725059e-08	0.99990907970709	9.06200473551302e-05	2.07354167e-07	GEORGIA2	Mtskheta_Mtianeti
GEORGIA	605459	5	1.67278704858439e-07	0.000873896373660225	0.000762996576093209	0.000579101348567338	0.935598733658533	0.0621851047644411	GEORGIA2	Mtskheta_Mtianeti
ARMENIA	605461	5	4.97613955156617e-08	5.6895994980477e-05	0.000410260257169959	7.87159689333942e-06	0.999521599828042	3.322561519e-06	ARMENIA0	Chambarak
ARMENIA	605464	5	4.608576079e-14	1.5903522673168e-06	1.7025050025379e-06	5.10643559623021e-08	0.999996655480346	5.979815e-10	ARMENIA0	Chambarak
ARMENIA	605665	2	4.70209451777473e-05	0.980416441326142	2.041131321681e-07	0.00248202339970311	1.3739486322163e-07	0.0170541728209818	ARMENIA4	Yerevan
ARMENIA	605666	2	4.46485515389439e-09	0.999916687474591	2.12776284628e-08	1.35990603310772e-07	3.321249850074e-08	8.31175798235e-05	ARMENIA4	Yerevan
ARMENIA	605667	6	0.000506241090671606	0.0049916945817102	0.0488390202743322	3.12919040011738e-05	0.00036149046640348	0.945270261682881	ARMENIA4	Yerevan
ARMENIA	605668	2	1.85608743592707e-08	0.920204782337344	0.000187541338990991	9.6960608473447e-06	0.078979895554088	0.0006180661478551	ARMENIA4	Yerevan
ARMENIA	605670	5	9.00264717629382e-08	2.09268902947201e-05	0.00216529150526615	0.0036345953146043	0.994020995046113	0.0001581012172505	ARMENIA4	Yerevan
ARMENIA	605671	6	2.79535686989655e-05	0.000172441588933739	3.907227044173e-07	0.00016733914816107	2.18514186912e-09	0.99963187278636	ARMENIA4	Yerevan
GEORGIA	605681	5	6.36107056908056e-08	0.0113460598975431	0.000171048315576412	0.00114583322288164	0.985165460232383	0.00217153472091	GEORGIA1	Kakheti
GEORGIA	605682	4	5.4410623118532e-10	3.3959692236614e-06	1.176702517648e-07	0.999832247867774	0.000164111690831117	1.262578129e-07	GEORGIA1	Kakheti
GEORGIA	605683	4	1.82152486e-15	6.496210567031e-07	1.1348867e-12	0.999998774079836	5.2802943094303e-07	4.826854e-08	GEORGIA1	Kakheti
GEORGIA	605686	2	6.51867314100223e-07	0.998162795804326	8.847727552903e-07	3.35513609435985e-08	4.61555542128164e-05	0.0017894784500313	GEORGIA2	Mtskheta_Mtianeti
GEORGIA	605687	5	7.3124098436e-13	0.0514598663352576	8.60626318413e-08	0.000776523000378676	0.947762575441145	9.491598557e-07	GEORGIA2	Mtskheta_Mtianeti
GEORGIA	605688	5	1.07822767169124e-07	4.34654940917273e-05	0.0255471412699326	3.20249740646642e-07	0.974112323578485	0.0002966415849828	GEORGIA2	Mtskheta_Mtianeti
GEORGIA	605689	4	1.15764135774e-12	4.3295887466552e-06	3.3854664e-10	0.999993577256539	6.1587219386248e-07	1.4769428162e-06	GEORGIA2	Mtskheta_Mtianeti
GEORGIA	605690	5	6.89034762908769e-09	4.5138610844247e-06	7.3802773544952e-06	1.36914948981288e-08	0.999988016679756	6.85999624e-08	GEORGIA2	Mtskheta_Mtianeti
GEORGIA	605694	6	0.00112663778631264	0.000495275687891355	1.3302995481131e-06	1.58117555976098e-08	2.52489838813e-09	0.998376737889594	GEORGIA2	Mtskheta_Mtianeti
GEORGIA	605697	4	1.04807607129713e-07	0.00353925885702834	1.14154225033829e-05	0.98953677568281	0.000156114615697585	0.0067563306143538	GEORGIA2	Mtskheta_Mtianeti
GEORGIA	605698	6	6.9853726447618e-05	9.10288160777646e-05	5.656265005785e-07	8.09922027690221e-06	6.66669989878704e-06	0.999823785910798	GEORGIA2	Mtskheta_Mtianeti
GEORGIA	605699	4	2.00550072309979e-08	0.00394337016185139	3.6760988728026e-06	0.993034788240161	0.00300282232595376	1.53231181534e-05	GEORGIA2	Mtskheta_Mtianeti
GEORGIA	605701	6	6.41604591447345e-06	0.000284729580540735	0.000366291947861952	2.2518057393446e-05	0.000288373954410045	0.999031670413879	GEORGIA2	Mtskheta_Mtianeti
