country	id	cl	X1	X2	X3	X4	X5	X6	X7	village	village_name
UZBEKISTAN	590597	3	1.487966099712e-06	3.1019839790667e-08	0.990705149653497	2.083974496953e-10	3.52125702267985e-05	6.7480837505631e-06	0.00925137049818811	UZBEKISTAN0	Karshi
UZBEKISTAN	591286	3	6.87928844548598e-05	7.96134644378115e-06	0.963322814188608	1.70132867421841e-07	6.57629875199177e-06	0.00085308566656422	0.0357405994823093	UZBEKISTAN1	Bukhara
UZBEKISTAN	591287	3	0.0123162102130917	1.79027921197011e-07	0.987676533007214	6.81526891494661e-09	1.41721024043746e-07	6.933814318233e-07	6.23583404831e-06	UZBEKISTAN1	Bukhara
UZBEKISTAN	591288	3	3.70222538561209e-06	3.30046314746e-09	0.999996169865339	3.56532468402e-12	2.22860359610348e-08	6.3532223984e-09	9.596598816e-08	UZBEKISTAN1	Bukhara
UZBEKISTAN	591289	2	0.000229206812226281	0.995165911086068	0.000510606180464607	3.45491398093363e-06	2.82220786069524e-05	0.0038300360773244	0.00023256285132902	UZBEKISTAN1	Bukhara
UZBEKISTAN	591290	3	4.50693825702923e-06	3.91725246656971e-06	0.999945736681417	9.373948445895e-11	3.00000414566956e-05	1.2860318562225e-06	1.455296080771e-05	UZBEKISTAN1	Bukhara
UZBEKISTAN	591291	3	8.61736875443943e-06	7.339528480313e-09	0.999263908332915	3.66829503594e-11	8.61372175387838e-08	1.36073234169e-08	0.00072736717757868	UZBEKISTAN1	Bukhara
UZBEKISTAN	591292	3	0.000297845175887605	1.99207612019768e-06	0.996969822245895	4.2189109035763e-10	8.41051331527346e-06	4.84407025982851e-05	0.00267348886429218	UZBEKISTAN1	Bukhara
UZBEKISTAN	591293	3	0.000713696381000765	4.24266038529109e-05	0.996882697202058	1.2259111717298e-07	0.000115134932961665	5.7353608041e-09	0.00224591655364859	UZBEKISTAN1	Bukhara
UZBEKISTAN	591295	3	0.000760250958096989	9.2681300026549e-08	0.999224668392722	8.43314979057e-12	3.54151678617087e-08	2.035480082725e-07	1.474899627154e-05	UZBEKISTAN1	Bukhara
UZBEKISTAN	591297	6	0.144348293690967	4.2599620812329e-08	0.00143287025894128	1.169282400955e-11	4.86086455753779e-08	0.853607497505115	0.00061124732501746	UZBEKISTAN1	Bukhara
UZBEKISTAN	591298	7	4.90697451920748e-09	0.000195049367403818	0.0126479064461019	9.29440669212177e-09	0.00300927316457996	1.609992970065e-07	0.984147595821236	UZBEKISTAN1	Bukhara
UZBEKISTAN	591299	6	0.0348367832217255	5.62109776145364e-07	0.00469904519174276	6.795820548492e-11	3.8839396043837e-07	0.960183019715318	0.00028020129951912	UZBEKISTAN1	Bukhara
UZBEKISTAN	591300	3	2.8839197235713e-05	1.319666522086e-08	0.998032475529978	2.30998309686e-12	1.31916113645089e-06	7.66678952151e-08	0.00193727624477956	UZBEKISTAN1	Bukhara
UZBEKISTAN	591303	5	6.52040508455714e-11	0.000482311840164705	0.000411507891232624	0.000110455242911344	0.99889106912971	1.9750934426154e-05	8.490489635059e-05	UZBEKISTAN1	Bukhara
UZBEKISTAN	591304	4	2.0905218754393e-09	1.20969863290677e-06	2.73083661035698e-07	0.999721931931943	0.000189355672847163	2.048934028013e-07	8.702262899113e-05	UZBEKISTAN1	Bukhara
UZBEKISTAN	591305	3	0.00167066667611937	0.000151021831793835	0.997225246373352	3.092777247943e-11	2.95775439510857e-05	9.78841681905e-08	0.00092338965968745	UZBEKISTAN1	Bukhara
UZBEKISTAN	591307	3	1.7398478952132e-05	2.1422077319619e-08	0.999981896821522	3.715151015069e-11	5.55786924008669e-07	5.62286452405e-08	7.122472754e-08	UZBEKISTAN1	Bukhara
UZBEKISTAN	591308	3	1.90631673653216e-05	0.00111926832679196	0.998282603235812	2.86568812237261e-08	0.000197451748038506	7.766361086856e-07	0.00038080822900219	UZBEKISTAN1	Bukhara
UZBEKISTAN	591310	1	0.999839114947579	1.883345283757e-09	0.000143094852256841	2.05264002966e-12	2.0420433231e-12	1.74904270687498e-05	2.9788565522e-07	UZBEKISTAN1	Bukhara
UZBEKISTAN	591311	2	0.00493988023030664	0.821823805693299	0.171611548337499	0.000123269416248491	0.000472226213135049	0.00063353770921123	0.00039573240030028	UZBEKISTAN1	Bukhara
UZBEKISTAN	591312	1	0.998014697019387	9.1637851505e-11	0.000809648547803829	2.47480239373e-12	2.7469929722821e-09	0.000920020648229904	0.00025563094347345	UZBEKISTAN1	Bukhara
UZBEKISTAN	591314	3	1.85806985347744e-05	1.19202625447583e-06	0.999459992101754	3.5593719508479e-10	7.09951764194199e-05	5.944007653318e-07	0.00044864524033457	UZBEKISTAN1	Bukhara
UZBEKISTAN	591316	4	3.2584451288379e-12	1.00135463672993e-07	2.3071941181e-11	0.999999044312887	2.6964991298259e-08	8.261943557791e-07	2.36597166e-09	UZBEKISTAN1	Bukhara
UZBEKISTAN	591317	7	5.00524413450973e-06	8.09939365454745e-06	0.00366604447761089	6.53689570470129e-07	0.000936663092772516	5.16868691979874e-05	0.995331847233059	UZBEKISTAN1	Bukhara
ARMENIA	591319	7	2.86103065747039e-09	2.16052954402983e-05	0.000251362671224947	6.3408205409331e-10	0.00259159948924106	1.289144466e-09	0.997135427759837	ARMENIA0	Chambarak
ARMENIA	591320	2	5.14993575351006e-06	0.993018294350946	0.000854609546800094	6.96142399634999e-06	0.000217897725501373	2.3308480684317e-06	0.00589475616893449	ARMENIA0	Chambarak
ARMENIA	591321	7	0.000417440349337309	3.51357032020673e-06	0.010691693971348	3.82355950251729e-09	1.1001258692929e-05	5.74873588318956e-05	0.98881885966791	ARMENIA0	Chambarak
ARMENIA	591322	7	1.15996737164396e-07	0.00440586238302978	7.6487589136945e-05	4.057119273328e-07	0.00652515973809915	7.3362998571e-09	0.98899196124477	ARMENIA0	Chambarak
ARMENIA	591323	2	2.84813830053833e-06	0.842527655478886	0.000702638042544285	6.01092956413563e-05	0.1286168468497	9.78334288987601e-05	0.027992068766029	ARMENIA0	Chambarak
ARMENIA	591325	7	0.00020843180680763	0.0207938772088008	0.000366095050865367	4.02843773875129e-06	7.97408443299268e-05	0.000208056652643024	0.978339769998814	ARMENIA0	Chambarak
ARMENIA	591327	7	3.8683947983896e-06	7.25626582273925e-05	0.00152853913783736	9.47289233777355e-07	0.0020136993111703	6.7390626836551e-06	0.996373644146049	ARMENIA0	Chambarak
ARMENIA	591328	2	7.46211934496816e-09	0.980514746924341	2.66386564138616e-07	6.91735040168733e-07	0.000406067987758959	7.35670792999455e-05	0.019004652424876	ARMENIA0	Chambarak
ARMENIA	591329	4	3.54805311781774e-10	0.0101802898704661	4.23172093166823e-06	0.988748128998587	1.80797750817721e-05	1.1142086458562e-06	0.00104815507148179	ARMENIA0	Chambarak
ARMENIA	591333	4	3.08419033075599e-11	2.5125730638219e-08	1.2884777259e-11	0.999999836497243	3.47655345988827e-08	9.98993834648e-08	3.66838134e-09	ARMENIA0	Chambarak
ARMENIA	591334	4	1.251921025e-16	9.44999678124646e-07	3.43241718e-12	0.999996399972388	2.65335381312599e-06	1.990973522e-10	1.47159078e-09	ARMENIA0	Chambarak
ARMENIA	591335	2	4.12758731137147e-11	0.999208589541444	2.90378939665185e-07	5.23694945553973e-05	8.69093145730112e-06	4.24104221813e-08	0.00073001720190586	ARMENIA0	Chambarak
ARMENIA	591336	5	1.56604185337844e-10	1.83514881395981e-05	7.03553922189361e-05	4.30198536438835e-07	0.999736526588272	1.17621616151e-08	0.00017432441406721	ARMENIA0	Chambarak
ARMENIA	591337	5	2.4378879269311e-12	1.23703139534578e-05	1.9025271050715e-08	3.51259419914525e-06	0.999970868673279	1.78568148e-11	1.322937300294e-05	ARMENIA0	Chambarak
ARMENIA	591413	2	6.61853759754542e-07	0.999890620769338	1.05367464020603e-06	1.32075504954717e-09	2.06303320547903e-05	1.594693716346e-07	8.687258008084e-05	ARMENIA0	Chambarak
UZBEKISTAN	591415	1	0.999882381623195	2.1477878178719e-08	3.50195134666323e-06	4.29329657394e-12	8.031159191e-12	1.6089292738648e-06	0.00011248600598229	UZBEKISTAN0	Karshi
UZBEKISTAN	591418	3	3.70178783543118e-06	7.0034733005455e-06	0.948578967844596	5.60990793676284e-09	0.0478997209050001	1.15373651813e-08	0.00351058884199516	UZBEKISTAN1	Bukhara
UZBEKISTAN	591419	3	3.74965728449167e-06	0.000138398948150167	0.999340757713771	5.42428811465782e-07	8.11299740115036e-05	9.559413996012e-07	0.0004344653365716	UZBEKISTAN1	Bukhara
GEORGIA	591421	4	3.851168e-19	3.29226052730657e-07	1.146015e-15	0.999995520870978	4.14988685473021e-06	4.430194e-12	1.168322e-11	GEORGIA0	Imereti
GEORGIA	591422	4	5.3775434611e-15	1.92590798963755e-05	8.920388928413e-09	0.998519049126689	0.00146083691129835	7.058578767847e-07	1.4010384513e-07	GEORGIA0	Imereti
GEORGIA	591423	4	3.0794113145e-15	4.16721365761994e-05	9.630087555991e-09	0.981999425861225	0.0179588448181854	8.494548974e-10	4.670446816e-08	GEORGIA0	Imereti
GEORGIA	591429	5	2.92642587699522e-09	3.53619729930686e-07	4.66984049003249e-05	7.89874122709832e-06	0.994489821747289	2.7153726587e-09	0.00545522184505505	GEORGIA0	Imereti
GEORGIA	591430	5	8.32611214463882e-10	0.041738524607362	2.25808230009126e-05	0.00104003210987447	0.957062260977674	3.5999032158e-09	0.00013659704957416	GEORGIA0	Imereti
GEORGIA	591431	4	2.30599163046e-14	5.75492620117932e-05	5.78944888909e-10	0.999930560331045	5.09992463089602e-06	6.7793073997614e-06	1.059594442e-08	GEORGIA0	Imereti
GEORGIA	591433	2	4.89323308404618e-07	0.971559003569119	4.38366132716748e-06	0.0267882914803022	0.00143592743261327	0.000168304172833888	4.360036049587e-05	GEORGIA0	Imereti
GEORGIA	591434	2	4.05120811135615e-09	0.999758508965174	5.10412586216524e-07	0.000219400240384808	2.04163312381066e-05	4.516684220484e-07	7.0833098693e-07	GEORGIA0	Imereti
GEORGIA	591435	7	5.97888736275939e-07	0.00161611198092646	0.000642653551093696	4.72147627722308e-07	0.00174588980742925	2.426399802363e-06	0.995991848224384	GEORGIA0	Imereti
GEORGIA	591436	4	2.54716672e-17	2.98748375255574e-06	2.65283751627e-10	0.99946565171112	0.000531358566550829	2.449484203e-10	1.72834445e-09	GEORGIA0	Imereti
GEORGIA	591437	2	2.3561789549054e-12	0.997604925005596	1.7690034892e-11	0.00238899055803077	5.87487494207376e-06	3.60311209352e-08	1.7351026419e-07	GEORGIA0	Imereti
GEORGIA	591438	4	2.40089577281793e-11	0.169348057931755	1.7354736474212e-08	0.830462487218463	0.000181462258906532	4.0356897145e-08	7.93485523237e-06	GEORGIA0	Imereti
GEORGIA	591439	5	2.0668569614633e-12	2.16082195319614e-05	7.665880713496e-08	0.0356107408462084	0.964363265988726	8.09002900787e-08	4.2273843697e-06	GEORGIA0	Imereti
GEORGIA	591440	7	4.24307636632866e-08	2.25034602640941e-05	0.00216364125183013	4.01921164071762e-09	0.0535637141440665	2.5765529935988e-06	0.94424751814087	GEORGIA0	Imereti
GEORGIA	591442	2	4.16380989091599e-09	0.991533925222962	0.000101332919205228	2.77006805413149e-06	0.00746184078854548	7.11603874964e-08	0.00090005567703526	GEORGIA0	Imereti
GEORGIA	591443	5	2.50433084168859e-11	3.13225130763988e-06	0.000422059584277036	0.000866935012224167	0.998409734711234	2.3948054919e-09	0.00029813602110878	GEORGIA0	Imereti
GEORGIA	591444	5	7.59538675875856e-09	3.01626400051825e-05	7.86600536851139e-07	0.000450531028708739	0.962031502200704	5.9839326999673e-06	0.0374810260019586	GEORGIA0	Imereti
GEORGIA	591445	2	7.23840489374426e-08	0.997022353561628	8.39559577231529e-07	1.91553759277776e-05	0.00274007671677497	9.67642269940566e-05	0.00012073817504933	GEORGIA0	Imereti
GEORGIA	591446	2	3.7017939215766e-11	0.877623459309786	0.00386468061174045	4.93256456839053e-06	0.118472569706387	2.06898275357e-08	3.433708067231e-05	GEORGIA0	Imereti
GEORGIA	591447	5	2.37272227125829e-08	5.93791478848132e-05	5.51646670999416e-05	0.000690950861576162	0.891889093387752	3.95405470553874e-05	0.107265847661409	GEORGIA0	Imereti
GEORGIA	591449	7	1.34760122061453e-07	0.00195667563886826	2.64843713678913e-05	1.26422148378036e-06	0.000623049025056961	4.918937591403e-07	0.997391900089342	GEORGIA0	Imereti
GEORGIA	591450	5	1.0533733826e-14	8.17903947909e-10	1.92328356309575e-06	6.7057721786786e-10	0.999995176709739	6.119528e-13	2.89851759401e-06	GEORGIA0	Imereti
GEORGIA	591451	5	3.08527804057081e-09	2.02858009220429e-05	0.000634877933749232	3.15667567273676e-08	0.997370782768415	2.3425513141e-09	0.00197401650232739	GEORGIA0	Imereti
GEORGIA	591453	5	4.46734939229e-14	7.31462908634663e-06	5.679776510791e-09	7.22671139135034e-09	0.99997220002247	5.113755207e-10	2.047193053571e-05	GEORGIA0	Imereti
AZERBAIJAN	591454	3	0.000701337049541732	1.76825741607873e-05	0.819470743998101	2.36810760666749e-08	1.34711604713716e-06	0.0790479516502292	0.100760913930844	AZERBAIJAN0	Sis
AZERBAIJAN	591455	7	0.00137820251660844	3.93435625903343e-05	0.0135908153967596	1.97085224185659e-08	0.000142014203825815	3.39680803856643e-05	0.984815636531308	AZERBAIJAN0	Sis
ARMENIA	591457	7	3.3547549664137e-10	0.00134319056830799	0.000122368387396843	8.4737984786241e-10	0.00737526532242749	5.99444341e-11	0.991159174479068	ARMENIA0	Chambarak
AZERBAIJAN	591458	3	0.0263196708483949	7.61517572020529e-06	0.969239132259375	5.0720320622852e-10	0.000148225244150372	6.98759247873915e-05	0.00421548004036854	AZERBAIJAN0	Sis
GEORGIA	591460	5	5.194505736835e-13	0.000142385692208609	2.5115132425822e-06	5.61318839115673e-05	0.999776648771089	1.19336884783e-08	2.231020534037e-05	GEORGIA0	Imereti
GEORGIA	591461	2	4.72826462773e-14	0.945914716618707	9.89334276987152e-06	0.00136541882288736	0.0525643723608506	2.46933795125633e-05	0.00012090547522479	GEORGIA0	Imereti
GEORGIA	591462	5	2.17988096226138e-08	0.0222236394561749	9.6682936091836e-06	0.0806938074281485	0.896765503977247	0.00012996814197132	0.00017739090403975	GEORGIA0	Imereti
GEORGIA	591463	5	1.88683653557674e-08	2.39097277313896e-05	0.000708920189411644	2.87929653274031e-07	0.972727752651576	7.7019100092e-09	0.0265391029313528	GEORGIA0	Imereti
GEORGIA	591464	5	2.472391590654e-13	7.9425459641121e-07	1.64195056239406e-05	3.24306078051924e-09	0.999982718444282	7.877694e-13	6.455140149e-08	GEORGIA0	Imereti
GEORGIA	591465	5	4.94407758245341e-09	5.92041065050005e-06	1.74034082962635e-06	1.93546735012344e-08	0.999969987251195	2.2772699753857e-06	2.005042859852e-05	GEORGIA0	Imereti
GEORGIA	591467	2	2.01702831212455e-11	0.998158909696482	1.09817467201343e-06	0.000955701930207262	4.55619768750439e-06	2.48046659067881e-05	0.00085492931487423	GEORGIA0	Imereti
GEORGIA	591468	2	1.4990947920265e-12	0.999388079223253	1.3411963392869e-08	8.9594972605648e-05	0.000510722163356463	8.3610647487e-09	1.158186625801e-05	GEORGIA0	Imereti
GEORGIA	591469	7	3.99233372426911e-06	0.000647517516381853	0.00743006921118497	2.14587209156242e-08	0.00651103176640686	0.000157690700010085	0.985249677013571	GEORGIA0	Imereti
GEORGIA	591470	7	2.88813641821123e-06	9.05542858404097e-05	3.06563115553113e-07	6.3594156172095e-07	0.00507040403275049	2.60694525961423e-05	0.994809141587717	GEORGIA0	Imereti
GEORGIA	591472	5	5.39802056789627e-09	0.000245902236099783	0.000447490124694312	8.28453571184689e-07	0.994277666248863	4.3587890228e-09	0.00502810317996236	GEORGIA0	Imereti
GEORGIA	591473	7	1.14641044984393e-06	0.11985598445567	7.34147129893097e-05	7.41154542574724e-09	0.00110813563932268	4.66144394091228e-05	0.878914696930614	GEORGIA0	Imereti
GEORGIA	591475	5	1.6301993965e-15	0.00197126999338638	1.836276171366e-09	0.000290368636880799	0.997737843184701	6.5806358e-12	5.1634217331e-07	GEORGIA0	Imereti
GEORGIA	591477	2	7.32062308022131e-07	0.999122002813985	1.34465121442405e-07	2.88970887382434e-07	1.65876379205626e-05	0.000139972038620842	0.00072028201115702	GEORGIA0	Imereti
GEORGIA	591479	2	1.07631007876372e-10	0.99865172257027	1.3947928049587e-08	6.08658190167265e-05	1.98687396490425e-06	0.00126569507077944	1.971561041012e-05	GEORGIA0	Imereti
GEORGIA	591480	2	2.17395426639e-14	0.999368959552496	8.058966236915e-09	3.11118757641084e-09	0.000421214164280004	1.2081453462e-09	0.00020981390490274	GEORGIA0	Imereti
GEORGIA	591481	7	4.53224792054619e-06	0.00837827852420597	3.10984162889848e-05	1.23639371948557e-07	0.000136272301839276	2.83040723946e-08	0.991449666566301	GEORGIA0	Imereti
GEORGIA	591482	5	8.9495177788665e-12	0.000581753765631601	7.59191796853593e-07	8.01083615816995e-07	0.999301526230347	3.6774548435e-09	0.00011515604220447	GEORGIA0	Imereti
GEORGIA	591483	2	1.49790240023e-14	0.990922284234525	1.24470150366139e-06	1.00184368755259e-05	0.00902194689828182	1.481947165e-10	4.450558060391e-05	GEORGIA0	Imereti
GEORGIA	591486	2	4.47943077880388e-10	0.999857916489417	3.0592413162003e-08	4.07322178508661e-06	1.43095450237201e-05	6.9051376761e-09	0.00012366279827962	GEORGIA0	Imereti
GEORGIA	591487	2	2.86088617017466e-10	0.995930196630911	5.7945725701738e-07	8.60831672072713e-05	0.00397428489672519	2.4163827646089e-06	6.4391790461e-06	GEORGIA0	Imereti
GEORGIA	591488	2	1.47202862902388e-07	0.936321532905871	0.00101062909907205	0.00129472124378828	0.0183629901634126	1.9556420383087e-06	0.0430080237429552	GEORGIA0	Imereti
GEORGIA	591490	2	1.154461750156e-09	0.999860117451281	2.0604976419649e-08	1.60358331521782e-09	4.65216090743561e-07	7.89418847838e-08	0.00013931502772162	GEORGIA0	Imereti
GEORGIA	591494	2	5.94786930232076e-10	0.998247176295597	1.425429918968e-09	0.000842851861979613	2.56576299243221e-05	0.000127844507815324	0.00075646768446665	GEORGIA0	Imereti
GEORGIA	591495	5	5.11567269174e-14	1.0775169356245e-05	4.2903299290525e-08	4.34447513277598e-05	0.999903286350333	7.150214e-13	4.245082491718e-05	GEORGIA0	Imereti
GEORGIA	591496	5	3.8903726433114e-12	1.92334867951146e-06	7.64796993470247e-05	0.000126281358941251	0.999794802960678	9.37549675e-11	5.1253470863e-07	GEORGIA0	Imereti
GEORGIA	591497	5	1.67007686346399e-11	1.51817261702387e-05	2.03053560402608e-06	5.62264893235625e-08	0.999791811140858	1.75941182e-11	0.00019092033658372	GEORGIA0	Imereti
GEORGIA	591498	2	7.6367599366869e-10	0.999993359689981	2.08689123014456e-07	4.67117623689879e-08	2.33057041570431e-06	1.699122850107e-07	3.88366275684e-06	GEORGIA0	Imereti
GEORGIA	591499	2	2.9600860413933e-12	0.999999543768489	4.9512054584e-11	1.76514360389633e-07	1.96934635840764e-08	2.55566323954e-08	2.3441458283e-07	GEORGIA0	Imereti
GEORGIA	591501	2	2.66971216785028e-10	0.989888126278965	1.44312700539395e-06	0.000199447748351292	0.000285929130825672	1.2122435035e-09	0.00962505223563855	GEORGIA0	Imereti
GEORGIA	591502	2	1.38286973108029e-06	0.971540384216444	0.00575661161274567	6.45724083529717e-08	0.0193752200183497	4.27519797966678e-05	0.00328358473052486	GEORGIA0	Imereti
GEORGIA	591503	7	9.37921103881453e-05	0.0227118012773493	0.00738128360093624	6.25114730196557e-05	0.0169868327514167	1.12651827928627e-05	0.952752513604097	GEORGIA0	Imereti
GEORGIA	591504	2	3.03556704913308e-09	0.956380245681946	3.6544690313249e-06	0.000718065416840856	0.038244040033081	3.92824721519409e-05	0.00461470889138146	GEORGIA0	Imereti
GEORGIA	591505	2	1.02384611809188e-10	0.854351928216114	8.98616252573951e-06	3.33989651955164e-05	0.134962467071402	3.4108366419294e-06	0.0106398086457361	GEORGIA0	Imereti
GEORGIA	591507	7	5.68342932291899e-08	0.00805378411081679	0.000423258224419935	5.64774285838398e-08	0.0349010625972881	3.5261546507e-09	0.956621778229599	GEORGIA0	Imereti
GEORGIA	591508	2	9.05196123574439e-09	0.998519038918117	7.9794179966428e-08	3.56674639096167e-08	2.19239083588041e-06	7.0865501857e-08	0.0014785733119402	GEORGIA0	Imereti
GEORGIA	591509	2	5.92170224505885e-11	0.999633013757692	4.5551832830523e-08	0.000141008598788579	0.000221164991961743	4.698140205e-10	4.76657069418e-06	GEORGIA0	Imereti
ARMENIA	594206	2	2.06811959574942e-11	0.999130726134049	1.07706692538837e-07	3.63504494199419e-08	0.000155330899349156	4.4359161887948e-06	0.00070936297259038	ARMENIA1	Gavar
ARMENIA	594207	7	1.13402134359148e-06	0.00115956032994784	0.0259117613439572	2.82278171344274e-07	0.355782610111644	6.99636558636733e-05	0.617074688259073	ARMENIA1	Gavar
ARMENIA	594210	5	1.63745115766657e-08	0.00881353515176957	1.57941604926875e-05	0.00167153978376599	0.983715875614193	2.2053113197721e-06	0.00578103360394771	ARMENIA1	Gavar
ARMENIA	594213	5	5.96542464043415e-07	0.406293267889719	0.125927897076951	2.42691792244927e-05	0.450174298329409	6.8904332046309e-06	0.0175727805490272	ARMENIA2	Yegvard
ARMENIA	594216	7	3.7618407666333e-07	0.000137461665898078	5.94224589243734e-06	1.09427125802142e-07	0.000459323227192566	9.45489566694e-07	0.999395841760248	ARMENIA2	Yegvard
ARMENIA	594217	5	1.93577363472e-13	0.00011735212819628	3.44949371467435e-07	3.2537316362572e-09	0.99980812079368	4.65965833e-11	7.417882822997e-05	ARMENIA2	Yegvard
ARMENIA	594218	2	1.50886975102513e-07	0.966918005524648	0.000290775810038555	4.68207846471882e-05	0.000194265519030691	0.000141457832824987	0.0324085236418355	ARMENIA2	Yegvard
ARMENIA	594219	7	7.37599115805014e-05	2.66906560790248e-05	0.0428894354307149	2.58670906924156e-05	5.42595537619286e-05	3.33214654396599e-05	0.956896665891732	ARMENIA2	Yegvard
ARMENIA	594221	2	9.34366038034356e-08	0.998664624844896	8.1741774807654e-05	1.86488679224219e-06	0.000488170390530593	1.75208010490238e-05	0.00074598386532043	ARMENIA2	Yegvard
ARMENIA	594222	7	6.24246611250282e-07	0.000125248462474704	4.89576770162052e-05	2.97309166484981e-09	1.85178988616637e-06	1.2826448994632e-05	0.999810488401925	ARMENIA2	Yegvard
ARMENIA	594223	5	2.436729702497e-13	1.51875709275402e-05	2.54012142117452e-07	1.43893941318669e-05	0.999491202043947	1.20306453e-11	0.00047896696657669	ARMENIA2	Yegvard
ARMENIA	594225	7	2.15371971894364e-09	0.000401155054109512	9.21438942147844e-07	3.09356252320295e-09	1.55268835799872e-05	2.103305632197e-07	0.999582181045523	ARMENIA2	Yegvard
ARMENIA	594226	5	6.94910679794369e-10	7.13720787103819e-05	0.000830671714773972	1.1833631153363e-07	0.99288029964051	5.7026759519e-09	0.00621753183210806	ARMENIA2	Yegvard
ARMENIA	594227	5	2.0233795583007e-09	0.01109928981254	0.000477160055730822	0.00311806337207612	0.983572171742879	2.478886427388e-07	0.00173306510475198	ARMENIA2	Yegvard
ARMENIA	594228	2	2.29242361511566e-09	0.999997812359321	6.6609937593683e-08	7.07453912008643e-08	3.91614880403749e-07	7.0292357901e-08	1.58608568857e-06	ARMENIA2	Yegvard
ARMENIA	594229	2	1.541592396009e-12	0.999999535372584	8.56650355119e-10	8.94898443452267e-09	1.43107016466942e-07	6.275714007e-10	3.1108565141e-07	ARMENIA2	Yegvard
ARMENIA	594230	2	3.57586903443408e-07	0.82968715531275	1.56582563658607e-05	0.0772954131298121	0.0292011614089189	0.0133928783677721	0.0504073759374779	ARMENIA2	Yegvard
ARMENIA	594231	2	1.27616169736439e-09	0.99947227321159	1.24296483868941e-05	2.5909712099587e-09	5.37168828718523e-05	1.660529116442e-07	0.00046141033710688	ARMENIA2	Yegvard
ARMENIA	594232	7	2.86160352841601e-07	3.16486434436704e-06	5.38053114840871e-05	4.15982690563693e-08	0.000242803195290659	3.974539157e-10	0.999699898472805	ARMENIA2	Yegvard
ARMENIA	594233	2	4.39334209498451e-07	0.999827605739288	1.7363714083662e-08	8.76825466445703e-05	1.77708974666823e-07	1.68406054943532e-05	6.723670167451e-05	ARMENIA2	Yegvard
ARMENIA	594235	7	3.09192785496056e-08	5.48016741099353e-05	0.000177603610386647	3.8811515283446e-10	0.00105064202714621	1.7258093489986e-06	0.998715195571615	ARMENIA2	Yegvard
ARMENIA	594237	4	5.4057095699552e-12	0.000225369123163806	5.48068498982669e-07	0.999720883517471	5.22007639270528e-05	9.581444466544e-07	4.037708615e-08	ARMENIA2	Yegvard
ARMENIA	594238	6	0.0114813953839479	0.00136016753839079	2.37466818462473e-05	5.06246037878696e-06	0.000141815585967561	0.850963948239129	0.136023864110339	ARMENIA2	Yegvard
ARMENIA	594243	4	1.0360191836e-13	3.5001500494676e-07	4.121434976e-12	0.999999586219192	1.72456473727402e-08	8.7663338905e-09	3.774959638e-08	ARMENIA3	Deprabak
ARMENIA	594250	7	3.89411648448321e-09	3.21574367467749e-06	7.00300482662265e-05	0.000406636719804129	0.00229200158960569	4.934362532484e-07	0.99722761856828	ARMENIA3	Deprabak
ARMENIA	594253	7	2.42929882676786e-07	0.20565130302259	0.000462322742487593	7.68114660014338e-05	0.0256914236990209	8.006449037747e-07	0.768117095495113	ARMENIA3	Deprabak
ARMENIA	594255	7	1.40473550442906e-09	0.000244392964954824	1.64851776100445e-05	1.55758264501418e-05	0.00081641871782551	2.2959663354063e-06	0.998904829942089	ARMENIA3	Deprabak
ARMENIA	594261	2	1.3687780150473e-12	0.864845302288186	6.6193795352e-11	0.135121721918133	2.03264155023363e-05	1.02522298199241e-05	2.39708079587e-06	ARMENIA3	Deprabak
ARMENIA	594262	4	1.47948038337429e-08	0.00092947238948012	1.099045922441e-08	0.998967253521338	1.97868595447917e-05	6.61100685518e-07	8.280034368841e-05	ARMENIA3	Deprabak
ARMENIA	594265	6	3.18949871164195e-09	1.45412540538628e-07	6.1641852231e-11	2.4260208362897e-06	4.155774797573e-10	0.999996892848024	5.3205188154e-07	ARMENIA3	Deprabak
ARMENIA	594269	4	3.43459267e-17	2.1864194784544e-08	1.49916114e-13	0.999998067661485	2.15060263550587e-07	1.6945675211879e-06	8.46385e-10	ARMENIA4	Yerevan
ARMENIA	594273	5	1.39238861914216e-09	0.00406659132226233	0.000157126699558278	2.98606692389698e-05	0.993455929652575	6.869014838541e-06	0.00228362124913829	ARMENIA4	Yerevan
ARMENIA	594274	5	1.9354590028517e-10	0.00791959973992698	2.40060387080782e-06	5.80649121122633e-06	0.991669406669727	1.9952459035e-09	0.00040278430647177	ARMENIA4	Yerevan
ARMENIA	594275	6	1.92215671161933e-09	0.0946362888998274	3.7042421863204e-08	0.239586351592181	1.92778177836569e-06	0.664730409335163	0.00104498342647248	ARMENIA1	Gavar
ARMENIA	594276	5	5.5556105348235e-12	0.0020172938804054	1.10190545056373e-06	9.92324660354793e-07	0.997411879747944	3.346954845e-10	0.00056873180128863	ARMENIA1	Gavar
ARMENIA	594277	2	3.95550507888341e-11	0.998166019635681	1.10990779520906e-05	1.56120585879081e-05	5.6787934857189e-05	2.91776653996372e-05	0.00172130358796761	ARMENIA1	Gavar
ARMENIA	594278	6	7.73136212450501e-07	0.00400165184790796	1.84050587634413e-06	5.1172126453255e-06	5.08553405013449e-07	0.995614876620354	0.0003752321235993	ARMENIA1	Gavar
ARMENIA	594279	5	2.3442511062453e-10	0.000568222768092798	1.37776045455014e-05	1.66273531395188e-05	0.972294715701221	3.9036843092e-09	0.0271066524348918	ARMENIA1	Gavar
ARMENIA	594280	7	9.19887727414895e-07	0.210513998908271	7.62552730574367e-06	0.000105362188673381	6.9237655284499e-05	9.23653357312083e-05	0.789210490497007	ARMENIA1	Gavar
ARMENIA	594281	7	4.0577613064545e-07	0.0330569464428864	2.10955472632822e-05	0.000141545758107286	0.000154189226443877	2.70064078553542e-05	0.966598810841313	ARMENIA1	Gavar
ARMENIA	594282	7	8.83220280852411e-08	0.0208054282116087	9.85418167593446e-07	3.67883319533108e-05	3.13910797878703e-06	0.00126845242078814	0.977885118187475	ARMENIA1	Gavar
ARMENIA	594283	2	2.068924647314e-08	0.51053709527864	6.91168220398928e-07	0.000314037024596744	7.09287244241018e-05	1.259384858e-08	0.489077214521024	ARMENIA1	Gavar
KAZAKISTAN	594285	3	0.299888325198659	2.78866977695e-10	0.699418478738013	1.0282558596366e-10	5.2271170135364e-06	2.64489170729588e-05	0.0006615196475486	KAZAKISTAN0	Alga
KAZAKISTAN	594286	1	0.895820233015328	3.9600179889426e-08	0.0338449318299606	7.32020745333153e-06	1.81271703609342e-08	0.0703273343040817	1.2291582638e-07	KAZAKISTAN0	Alga
KAZAKISTAN	594287	1	0.997518509427868	5.20055513e-12	0.00248074080066048	1.3662144685e-13	3.4263588704e-12	5.440201993408e-07	2.0574250901e-07	KAZAKISTAN0	Alga
KAZAKISTAN	594289	3	2.60811576724417e-08	0.000256780862506813	0.994846256050107	5.26963505508581e-08	0.000473551365635448	4.767787293577e-07	0.00442285616551338	KAZAKISTAN0	Alga
KAZAKISTAN	594291	6	0.000527528761770746	3.29549152316e-09	7.36766891775081e-05	5.43642768685e-11	1.781480831111e-10	0.999398781234779	9.78626869e-09	KAZAKISTAN0	Alga
KAZAKISTAN	594292	6	0.000264959714108996	5.8866209171193e-08	3.80035345190968e-05	3.68482857471015e-06	1.0351980823482e-09	0.999689776785948	3.51523544218e-06	KAZAKISTAN0	Alga
KAZAKISTAN	594295	3	8.84031764903459e-10	0.000192569444117108	0.581520622123902	5.33608637666744e-06	0.415861570707048	4.87790624391e-08	0.00241985197546245	KAZAKISTAN0	Alga
KAZAKISTAN	594296	3	3.05445797015022e-05	1.97471472118708e-07	0.99994276426604	3.28591133620896e-07	4.55968742011562e-06	1.0158838458874e-05	1.144656577398e-05	KAZAKISTAN0	Alga
KAZAKISTAN	594297	1	0.997371069242821	2.8070547e-13	0.00244775711119436	7.3520750737e-13	4.25354185925e-11	0.000179253909425815	1.91969300709e-06	KAZAKISTAN0	Alga
KAZAKISTAN	594298	3	0.000300556045822827	3.3764587511e-11	0.999697904227148	5.801988494e-14	6.908811510822e-09	6.2540024051e-09	1.52653039287e-06	KAZAKISTAN0	Alga
KAZAKISTAN	594299	7	0.00185847244251497	0.000232046039446853	0.0185938103330968	6.63970281777292e-07	1.98045532607046e-05	0.000511828509214756	0.978783374152184	KAZAKISTAN0	Alga
KAZAKISTAN	594300	3	1.87590708327021e-06	6.75902850755297e-06	0.975416981597835	9.85570691570318e-06	0.0241878981644751	1.1756237061e-08	0.00037661783894653	KAZAKISTAN0	Alga
KAZAKISTAN	594301	3	0.047466922745248	5.06337769129e-10	0.937641689605992	6.0822017648e-13	8.64845433053786e-06	4.2673613522104e-06	0.0148784713261311	KAZAKISTAN0	Alga
KAZAKISTAN	594304	3	1.71741158401921e-05	3.25388250705987e-07	0.999970745339232	1.25151607878482e-09	4.2100420597309e-06	5.4031707206002e-06	2.14069238106e-06	KAZAKISTAN0	Alga
KAZAKISTAN	594306	4	6.76420787609635e-07	7.75560048451522e-06	5.87757365544675e-07	0.999812452377786	0.000159808466220572	3.523555818708e-07	1.836702177341e-05	KAZAKISTAN0	Alga
KAZAKISTAN	594307	1	0.999975868412396	4.090131e-15	1.2124971759717e-05	2.261729701e-14	4.716554e-16	1.2006537955297e-05	7.786183e-11	KAZAKISTAN0	Alga
ARMENIA	594310	2	2.3406776853905e-12	0.999907872478721	5.981114955097e-09	3.00025437826632e-05	2.20910209054863e-05	2.9118964003e-08	3.999885417156e-05	ARMENIA1	Gavar
ARMENIA	594311	4	2.81727538499204e-09	0.0532606623614109	3.4217736846624e-06	0.942506458184485	0.000956291705042584	0.00323523323438154	3.79299237205e-05	ARMENIA1	Gavar
KAZAKISTAN	594312	7	1.35096708037742e-07	2.41979392305002e-05	6.51488254136937e-05	0.00056258757224126	0.00441815009748063	0.000560898373130759	0.994368882095795	KAZAKISTAN0	Alga
KAZAKISTAN	594313	7	0.129709803402105	0.00615454216257711	0.0971856444674763	0.000305311079717182	9.44304240691612e-05	0.0275420387402153	0.73900822972384	KAZAKISTAN0	Alga
UZBEKISTAN	594324	4	2.20965615116942e-05	0.00126199909804732	0.0277733006650566	0.970621529481456	7.88055853658811e-06	9.19450724371246e-05	0.00022124856295515	UZBEKISTAN1	Bukhara
UZBEKISTAN	594325	7	3.02149440918269e-05	0.0685443749529221	0.150822915348631	4.91302416597659e-05	0.00156163431168812	0.000203863958443194	0.778787866242564	UZBEKISTAN1	Bukhara
UZBEKISTAN	594326	3	3.71740974370343e-06	2.27049653842713e-06	0.992283047825147	6.9986210685448e-10	0.000194832707724177	3.58629739076e-08	0.00751609499801029	UZBEKISTAN1	Bukhara
UZBEKISTAN	594327	3	5.65301842432885e-09	7.00264316787154e-07	0.999909817467198	7.9524794776452e-10	7.55740170887358e-05	2.45656818e-11	1.390177856429e-05	UZBEKISTAN1	Bukhara
UZBEKISTAN	594328	3	0.00112799957981926	7.05212162969917e-05	0.923371422192253	4.52168385198545e-06	0.0131169784949412	6.4778729707202e-06	0.062302078959867	UZBEKISTAN1	Bukhara
UZBEKISTAN	594329	1	0.998995478612637	4.120979604708e-09	1.25614363356301e-07	4.2731324394e-13	7.18531624e-13	0.00100438103509163	1.061578272e-08	UZBEKISTAN1	Bukhara
UZBEKISTAN	594330	2	7.06755103084067e-09	0.998788783597637	3.28587344515942e-05	0.000172886544798485	3.76210412214934e-05	1.854131099018e-07	0.00096765760123036	UZBEKISTAN1	Bukhara
UZBEKISTAN	594331	3	1.66357274864703e-05	2.6118849702854e-08	0.99144293563464	3.2948085267757e-10	3.71157067848826e-05	9.72988235311e-08	0.00850318918393457	UZBEKISTAN1	Bukhara
UZBEKISTAN	594332	3	5.80344293589956e-06	1.46466469494543e-07	0.984702303758774	8.829101644143e-11	2.17029306480319e-06	2.2084379186439e-06	0.0152873675125459	UZBEKISTAN1	Bukhara
UZBEKISTAN	594333	3	0.00188792607111493	7.49029798885e-10	0.998102681048731	1.927202799e-14	5.07200539677119e-08	1.1415401708895e-06	8.19987087953e-06	UZBEKISTAN1	Bukhara
UZBEKISTAN	594334	3	4.68358183143131e-08	2.059255004853e-09	0.999791226654763	7.02249806983e-11	3.96429359239423e-05	2.44199558794e-08	0.00016905702405837	UZBEKISTAN1	Bukhara
UZBEKISTAN	594667	7	0.00115100377732967	7.40795825476477e-05	0.293252829070234	1.7231632570419e-10	2.35634203094172e-06	5.99423118437758e-05	0.705459788743698	UZBEKISTAN0	Karshi
UZBEKISTAN	594668	6	0.00178864911418506	1.39721591058649e-06	0.000552136804587173	0.00013057421995811	1.8677903495522e-07	0.985244544366228	0.0122825115000956	UZBEKISTAN0	Karshi
UZBEKISTAN	594669	3	6.71366235574485e-05	0.000173186996215564	0.955026224405243	7.96194799960539e-09	0.000549017844234136	5.172805494932e-07	0.0441839088882519	UZBEKISTAN0	Karshi
UZBEKISTAN	594671	6	0.000145686923161557	1.818824602276e-08	5.32027834848774e-05	2.72742238413161e-08	9.2205829204102e-09	0.999800816173921	2.3943638017e-07	UZBEKISTAN0	Karshi
UZBEKISTAN	594672	1	0.99590557940807	6.92909881966467e-07	0.00128617060452308	8.6638043643318e-10	3.1907395571689e-09	0.00280747247003388	8.055037075e-08	UZBEKISTAN0	Karshi
UZBEKISTAN	594674	5	1.54489268087047e-09	0.000286579479070078	0.00011423122456749	0.00039077291858167	0.999192701858373	5.4821442599433e-06	1.023083025464e-05	UZBEKISTAN0	Karshi
UZBEKISTAN	594677	4	9.83426271540102e-07	0.000628801152129425	0.00192185283836282	0.990276950294514	0.00714641781679584	3.49504476317e-08	2.495952147812e-05	UZBEKISTAN0	Karshi
UZBEKISTAN	594678	1	0.611216065490924	1.06095449807687e-07	1.24821808823122e-05	4.63768504471632e-09	3.34298849973e-11	0.388767438477697	3.90308393153e-06	UZBEKISTAN0	Karshi
UZBEKISTAN	594679	3	0.000130779773481158	0.00244523742592731	0.996721714003885	2.9101456553194e-10	5.41680644153008e-06	8.912319341604e-07	0.00069596046731661	UZBEKISTAN0	Karshi
UZBEKISTAN	594681	3	0.00340661722322893	5.40727474988754e-07	0.995647400577404	5.667868066622e-11	2.37846441175327e-07	6.804317777139e-07	0.00094452313699409	UZBEKISTAN0	Karshi
UZBEKISTAN	594682	7	4.38022902026564e-05	0.00195622319709149	0.243170896224476	1.94040448551909e-06	4.98553024886195e-06	0.00209763617432596	0.752724516179169	UZBEKISTAN0	Karshi
UZBEKISTAN	594683	7	0.000285076898274224	1.21497684434603e-06	0.141231586951207	2.31800921514951e-09	1.56349631892937e-05	0.000319289641320489	0.858147194251155	UZBEKISTAN0	Karshi
UZBEKISTAN	594684	6	2.33986622316116e-05	4.42908617371333e-05	1.82778295623406e-05	0.000394566638017102	7.81622793271189e-08	0.999519283579451	1.0426672164e-07	UZBEKISTAN0	Karshi
UZBEKISTAN	594685	3	0.000488767897993961	0.00028593526244161	0.997961018779585	6.89526418820244e-09	9.32086874455133e-05	5.72117602368e-08	0.0011710052655092	UZBEKISTAN0	Karshi
UZBEKISTAN	594690	1	0.997510955745887	4.60709338390003e-06	1.60706686548069e-05	9.8248504114e-12	5.163071600477e-10	0.00244454883800497	2.381712793741e-05	UZBEKISTAN0	Karshi
UZBEKISTAN	594691	7	0.000226202345029356	4.83998767937716e-06	0.0026067436129332	2.9282416849663e-10	9.20559064124083e-05	4.332954960588e-07	0.997069724559625	UZBEKISTAN0	Karshi
UZBEKISTAN	594692	3	9.82897395285668e-05	5.548582938381e-09	0.999826036352755	4.950890124028e-11	6.65835965718448e-06	1.715887012403e-05	5.185107984352e-05	UZBEKISTAN0	Karshi
UZBEKISTAN	594696	1	0.999461260972356	2.33462307061218e-06	0.000233311895730411	6.2138399907e-13	2.69011264151117e-08	0.000260429536583135	4.263607051238e-05	UZBEKISTAN0	Karshi
UZBEKISTAN	594698	1	0.672692147579956	2.85618204017927e-06	0.325084808578261	1.42459264615748e-07	2.72993124943076e-06	8.86420672661432e-05	0.00212867320196211	UZBEKISTAN0	Karshi
UZBEKISTAN	594701	3	0.000458344888864743	2.94265840146621e-07	0.993400329836039	9.5941745776e-13	1.49807827200574e-07	2.0273072940142e-06	0.00613885389317576	UZBEKISTAN0	Karshi
UZBEKISTAN	594702	7	3.44344510846462e-05	0.000176639145846621	2.88504055398219e-05	2.67452239208239e-06	2.12591195820084e-07	3.64545715862931e-05	0.999720734312355	UZBEKISTAN0	Karshi
UZBEKISTAN	594703	7	6.63738089646103e-07	2.57893171967411e-07	1.04017980340911e-06	1.2045051168252e-10	3.0412829647663e-05	7.40542680281e-08	0.999967551184569	UZBEKISTAN0	Karshi
UZBEKISTAN	594706	2	0.000132568734291634	0.92702297020074	0.0673747527710734	3.38166979937382e-05	0.000742252408520797	0.000862140097698957	0.00383149908968147	UZBEKISTAN0	Karshi
UZBEKISTAN	594708	1	0.999656269341381	2.5134701084914e-08	8.44357505066487e-06	2.0905749548e-13	1.84003556378e-10	0.000329089819779487	6.17194487569e-06	UZBEKISTAN0	Karshi
ARMENIA	594711	2	5.22605414377271e-07	0.998966138372155	1.51262798414292e-06	8.23569004432893e-06	4.52887593058421e-06	0.000192173931963112	0.00082688789650811	ARMENIA5	Martumi
ARMENIA	594712	2	7.56020192574534e-08	0.988905924859649	1.2090093536837e-05	1.75384631785477e-06	0.00242203263826938	0.000139287069496396	0.00851883589071077	ARMENIA5	Martumi
ARMENIA	594715	4	9.0754247374e-15	8.3179933501306e-08	1.1392502e-14	0.999999865212771	4.71301038772038e-08	3.9874722082e-09	4.8969889e-10	ARMENIA5	Martumi
ARMENIA	594716	5	1.754236181876e-13	0.000124737740338809	1.30687188711402e-07	5.98472124957874e-06	0.997397678932384	9.01948312e-11	0.00247146782846845	ARMENIA5	Martumi
ARMENIA	594718	4	1.010657338898e-13	0.0133794083695792	1.3072296974e-10	0.986608846282564	7.79225875802769e-06	4.88178469318e-08	3.90414042798e-06	ARMENIA5	Martumi
ARMENIA	594720	7	8.92873156798691e-05	9.78701997155725e-05	0.00182460086821669	1.22667027240257e-06	5.51389162532407e-05	0.0677697869539957	0.930162089075866	ARMENIA5	Martumi
ARMENIA	594724	5	1.464141638605e-11	0.00723462814273234	8.16725263611996e-06	0.00838023656818289	0.984364441857214	3.255741045e-10	1.25258390195e-05	ARMENIA5	Martumi
ARMENIA	594725	5	2.65686828125115e-08	6.68444046862682e-07	0.0181958517702541	0.00032841036598464	0.977508104258707	1.40627234299e-08	0.00396692452960142	ARMENIA5	Martumi
ARMENIA	594726	7	1.03536956056553e-08	0.0289024291853192	2.93865388604031e-05	3.50930636273853e-06	0.072237663672897	5.79665533459e-08	0.898826942976312	ARMENIA5	Martumi
ARMENIA	594727	7	5.16093963745694e-06	7.60216585735615e-06	0.0026085438876139	4.466073980694e-11	0.00018863168629276	3.5436176113344e-06	0.997186517658326	ARMENIA5	Martumi
ARMENIA	594730	7	1.76550367370479e-09	0.000922340761760886	1.6602210064738e-06	1.48550744899151e-08	7.46903050556094e-05	4.44596695603e-08	0.999001247631929	ARMENIA5	Martumi
ARMENIA	594734	7	1.1357320233536e-07	0.000131202723485895	5.74691305871006e-05	2.78480953367666e-09	0.0047300211452095	4.93847782353e-07	0.995080696794924	ARMENIA5	Martumi
ARMENIA	594740	2	4.46103853527161e-08	0.96822734361376	0.00124811553124812	1.39147753933172e-05	0.00109129767518857	4.96694912046e-08	0.0294192341245332	ARMENIA0	Chambarak
ARMENIA	594741	7	4.62233362681697e-06	0.00112316434826235	6.05296411049551e-05	1.84684665454591e-08	0.000221724000568926	9.19000012832954e-05	0.998498041206687	ARMENIA0	Chambarak
ARMENIA	594744	7	6.17249638611518e-08	0.00267037005414445	6.1310071884257e-08	1.62519186143553e-08	2.3197369758267e-06	7.00736667688852e-05	0.997257097255157	ARMENIA5	Martumi
ARMENIA	594843	7	1.47988744245173e-05	0.14515599719037	3.77393549955867e-05	1.20387217165067e-05	0.000724585727300127	0.00419900151302773	0.849855838618165	ARMENIA0	Chambarak
AZERBAIJAN	595072	6	0.000454938714344891	4.72621964943e-10	1.74468647224439e-07	1.63367947421979e-07	9.8617529946e-12	0.99954472044688	2.51969665e-09	AZERBAIJAN1	Ismailly
AZERBAIJAN	595075	6	0.049450368490934	4.79866407754768e-06	2.88526024029876e-05	5.13576476367764e-08	2.66517976775963e-07	0.939945764228429	0.010569898138532	AZERBAIJAN1	Ismailly
AZERBAIJAN	595076	1	0.915688922158641	0.000563634180608883	0.00213383773542461	3.0158407505662e-10	3.80973087888551e-07	0.042782918047828	0.0388303066028257	AZERBAIJAN1	Ismailly
AZERBAIJAN	595079	1	0.99956376117136	6.54232578986545e-06	0.000236344408480743	1.7124255536638e-10	2.83300439382372e-08	2.92853976832936e-05	0.00016403819539939	AZERBAIJAN1	Ismailly
AZERBAIJAN	595080	6	0.00491305564663251	0.000298919181103291	8.33081077671334e-07	8.25885709829181e-08	2.06043864931847e-08	0.994753649591966	3.343930626356e-05	AZERBAIJAN1	Ismailly
AZERBAIJAN	595081	7	7.13087928513877e-07	1.35748085852507e-06	5.30985597607835e-05	2.42482761025388e-09	1.13322550712632e-06	2.20754094535295e-05	0.999921619811664	AZERBAIJAN1	Ismailly
AZERBAIJAN	595083	1	0.992024710590968	2.07247310330178e-07	0.000496595601285641	4.2905662445948e-10	1.7181825517864e-09	0.00651329321642601	0.00096519119677045	AZERBAIJAN1	Ismailly
AZERBAIJAN	595085	6	0.00375747846042427	7.12241760088254e-07	0.00441142294679828	1.12308656689093e-08	3.24095660923751e-08	0.989880932684422	0.00194941002616393	AZERBAIJAN1	Ismailly
AZERBAIJAN	595087	7	0.000187130605760786	0.00268422603444672	0.021731257564849	1.21281868657237e-06	0.0462411663753928	0.000662954331595194	0.928492052269269	AZERBAIJAN1	Ismailly
AZERBAIJAN	595088	6	0.0211405483329819	3.53735529375973e-07	5.86919341751119e-07	2.23377208407e-12	9.2541572456e-12	0.97885721331507	1.29768558875e-06	AZERBAIJAN1	Ismailly
ARMENIA	595091	6	0.0018131549125735	0.00144840679477225	4.08744567600021e-05	5.53549171123198e-08	0.000625985614657158	0.948946568116917	0.0471249547494031	ARMENIA0	Chambarak
ARMENIA	595092	2	7.4791321511268e-10	0.902804992040898	1.5337224172216e-05	3.2095279458685e-06	0.00566232761522974	2.73826460003e-08	0.0915141054611947	ARMENIA0	Chambarak
ARMENIA	595093	7	2.68304098970709e-07	1.31955500611137e-06	9.06133341939961e-05	4.2762883077549e-10	0.0021824742143789	2.6179386002e-09	0.997725321546755	ARMENIA0	Chambarak
ARMENIA	595094	2	3.64311899600982e-10	0.981687468770428	2.64567863667261e-07	1.82702207964364e-05	0.00440398538186472	1.6166300454579e-06	0.0138883940646896	ARMENIA0	Chambarak
ARMENIA	595095	2	2.8452321002365e-12	0.999956218196386	6.776252543755e-09	4.8691213218553e-09	4.82825068477742e-06	6.618671981e-10	3.894124284328e-05	ARMENIA0	Chambarak
ARMENIA	595096	2	3.00886780618823e-11	0.9744675287138	6.6694440415298e-07	1.40115631938854e-08	6.95625767097587e-05	2.45767652417e-08	0.0254622031466691	ARMENIA0	Chambarak
ARMENIA	595098	7	1.02903586105616e-07	1.41333056811568e-05	0.000205455164206256	1.86825713722454e-08	0.000116452108524231	1.319136935482e-07	0.999663705921737	ARMENIA0	Chambarak
ARMENIA	595100	2	6.95021896029269e-08	0.981362892260134	3.37285937488998e-05	0.000541213405266467	0.00602844469931343	0.000344160911450541	0.0116894906278968	ARMENIA0	Chambarak
ARMENIA	595102	7	4.87404472567958e-09	0.00109265282706056	1.45266279592255e-05	0.000121099830462308	0.314838141664343	2.664373856806e-07	0.683933307738745	ARMENIA0	Chambarak
ARMENIA	595103	2	9.70268670992699e-09	0.989079175152314	1.9421769549669e-08	0.000261905097652092	3.17851647507493e-07	4.54492309862362e-05	0.0106131235429442	ARMENIA0	Chambarak
AZERBAIJAN	595104	6	1.35515488179728e-05	5.79357858469865e-06	9.51144543474397e-05	0.000586667987029619	1.13971794200724e-05	0.999281926426861	5.54882493931e-06	AZERBAIJAN1	Ismailly
AZERBAIJAN	595105	6	5.00076613673391e-06	3.4136907374201e-08	6.220134235149e-09	5.10173345718216e-06	7.63999568988e-11	0.999989302645245	5.5442171949e-07	AZERBAIJAN1	Ismailly
AZERBAIJAN	595106	2	2.7632369347026e-05	0.929838354280997	4.36671638823207e-05	7.93244771799488e-05	0.00227812463563982	0.0671691586736999	0.00056373839925426	AZERBAIJAN1	Ismailly
AZERBAIJAN	595107	1	0.998887828628071	7.76716877296e-10	0.000958469522016926	3.603468627e-14	9.16203265129e-11	0.000149644755307389	4.05622623166e-06	AZERBAIJAN1	Ismailly
AZERBAIJAN	595110	6	0.0344369463880459	0.000168007178573692	0.0126011230870159	2.05257124903477e-09	2.62090907561059e-05	0.952586530126466	0.00018118207657121	AZERBAIJAN1	Ismailly
AZERBAIJAN	595111	6	5.92526195556545e-05	4.41516488352161e-06	0.000821726978169349	2.60439278833004e-07	4.5837408519604e-08	0.997330443513949	0.00178385544675489	AZERBAIJAN1	Ismailly
AZERBAIJAN	595112	3	0.000183944997006811	3.4285782628889e-06	0.943169341549111	7.52511795338327e-07	0.00133666835932557	0.0496347986027955	0.00567106540170289	AZERBAIJAN1	Ismailly
AZERBAIJAN	595113	1	0.663684437273456	1.30625057829e-08	0.0609387024521699	3.23724826806e-12	4.35314181693011e-08	0.255677070571071	0.0196997331061416	AZERBAIJAN1	Ismailly
AZERBAIJAN	595114	6	0.000194614209415434	0.0020993251233061	0.00293674897214679	1.90380898867345e-06	0.000312852784423806	0.984562906460118	0.009891648641601	AZERBAIJAN1	Ismailly
AZERBAIJAN	595115	6	0.0221854885957818	1.70275426733799e-07	0.000276434381573714	6.3131160531111e-10	5.15778583615194e-08	0.977131581655687	0.00040627288236091	AZERBAIJAN1	Ismailly
AZERBAIJAN	595116	6	6.44714168432007e-09	4.35612541626e-10	9.12960448e-13	5.54656630700898e-09	1.6475437922e-12	0.999999983988765	3.5793539e-09	AZERBAIJAN1	Ismailly
AZERBAIJAN	595117	1	0.999157838204811	4.246597790661e-09	7.42700684318432e-05	8.240277012359e-11	4.93448786755506e-08	0.00070968362794327	5.815442493459e-05	AZERBAIJAN1	Ismailly
AZERBAIJAN	595118	6	0.00788173962361336	0.000363710976254838	2.08653208466279e-06	7.35787581467865e-08	7.62508583074192e-08	0.991704539840088	4.777319834287e-05	AZERBAIJAN1	Ismailly
AZERBAIJAN	595119	1	0.994218082078166	0.000258543946979073	0.00285864052482232	6.88387606665408e-09	0.00013675648458124	0.000557807634650774	0.00197016244692511	AZERBAIJAN0	Sis
AZERBAIJAN	595123	6	0.00163191541418168	0.000887934364340805	2.23291022548734e-05	1.31282139711143e-05	3.14397604928821e-08	0.995791323021633	0.00165333844385848	AZERBAIJAN0	Sis
AZERBAIJAN	595124	3	0.000341697856306539	4.47201501944224e-05	0.999136030382547	2.0556777489811e-09	3.45771921523321e-06	2.132932443014e-07	0.00047387854281461	AZERBAIJAN0	Sis
AZERBAIJAN	595126	3	0.0194780400737258	2.42238729514589e-07	0.980391247321642	3.1344085929e-13	1.31796602161144e-07	0.000110202065574808	2.013650341195e-05	AZERBAIJAN0	Sis
AZERBAIJAN	595127	6	3.49467722061893e-08	0.00220213728317086	2.03579253304259e-06	4.31309065461682e-06	0.00114901605211022	0.989896037388674	0.00674642544608519	AZERBAIJAN0	Sis
AZERBAIJAN	595129	3	0.00190624193573419	0.000218526301165808	0.713165413881507	3.09830681539565e-06	0.0707971896393983	0.00107065430472916	0.21283887563065	AZERBAIJAN0	Sis
AZERBAIJAN	595134	6	0.000423497805126455	2.73117468252623e-06	0.000246679548099653	1.52275629931917e-05	1.35903212725985e-07	0.9976487899108	0.00166293809508605	AZERBAIJAN0	Sis
AZERBAIJAN	595135	6	5.39948273708001e-05	1.544369832387e-09	1.24667679837448e-06	1.08819601434304e-09	2.784556177292e-09	0.999944752751775	3.2693385e-10	AZERBAIJAN0	Sis
AZERBAIJAN	595136	7	0.00033654469524859	5.37361292395089e-07	0.000565660682332828	1.9549607410993e-10	2.4316533826463e-06	0.000376839829068455	0.998717985583179	AZERBAIJAN0	Sis
AZERBAIJAN	595137	6	0.0151283847334414	1.235304957318e-09	1.52760991571182e-06	1.171090152985e-11	9.91301401163e-11	0.984832504787648	3.758152284892e-05	AZERBAIJAN0	Sis
AZERBAIJAN	595138	5	5.04721836547618e-05	0.00133387677346945	0.0146865325903805	2.73550736795178e-06	0.974392517681201	7.94725860006329e-05	0.0094543926779258	AZERBAIJAN0	Sis
AZERBAIJAN	595139	6	0.00102602862457485	3.63712987223475e-07	4.2440880291345e-08	2.7878382495674e-10	4.520947235e-13	0.998972406832256	1.15811006606e-06	AZERBAIJAN0	Sis
AZERBAIJAN	595141	6	1.82585473674507e-05	1.83839474764376e-05	5.78289341302787e-05	0.000182154952149767	1.57474613681416e-06	0.999616896455949	0.00010490241679065	AZERBAIJAN0	Sis
AZERBAIJAN	595144	6	9.73232814049939e-08	0.000420128467082899	1.7999115053e-10	1.42207155328221e-06	3.918516799521e-10	0.999578308846542	4.271969753e-08	AZERBAIJAN0	Sis
AZERBAIJAN	595145	3	0.00013482341603878	5.09594491074938e-06	0.861491167750651	2.8713830693708e-09	0.0415934329327146	3.93535089967821e-05	0.0967361235753049	AZERBAIJAN0	Sis
AZERBAIJAN	595147	6	2.00881094105425e-05	8.9086520121515e-08	1.092315167657e-09	7.73619284030596e-09	1.7885338582966e-09	0.99996069039162	1.912179540761e-05	AZERBAIJAN0	Sis
AZERBAIJAN	595148	5	7.129222180759e-13	8.71586934031869e-05	4.02709461417664e-05	0.0956950194731264	0.904167249735252	8.522615247195e-07	9.44888983959e-06	AZERBAIJAN0	Sis
AZERBAIJAN	595149	6	1.03968723429145e-05	5.778386218554e-09	9.1975184888469e-08	2.31928886576078e-08	2.51273797677e-11	0.999989129086262	3.5306980805e-07	AZERBAIJAN0	Sis
AZERBAIJAN	595152	6	0.00586235899363206	1.43562639801119e-06	1.78446406679903e-07	1.1001841928317e-08	2.73567867781e-11	0.994135360797627	6.5510673748e-07	AZERBAIJAN0	Sis
AZERBAIJAN	595153	6	1.86160036895827e-05	2.8927363319573e-08	2.09649531028361e-07	3.0754544641249e-10	4.151801426781e-10	0.99997996922567	1.17547102017e-06	AZERBAIJAN0	Sis
AZERBAIJAN	595154	6	0.000171004291548194	2.5212698457427e-08	1.19308597377479e-07	6.34807409149394e-06	3.53928255837115e-08	0.999819685042547	2.78267769177e-06	AZERBAIJAN0	Sis
AZERBAIJAN	595155	3	6.84284864636907e-07	8.271059734236e-09	0.99697958402375	6.01147441094941e-07	0.00250174246182699	0.000509361484682374	8.01832637536e-06	AZERBAIJAN0	Sis
AZERBAIJAN	595157	3	0.00195619066956927	1.35867333322001e-05	0.995978312836623	2.96339614805134e-06	0.000348396523657574	0.000439543228832444	0.00126100661183706	AZERBAIJAN0	Sis
AZERBAIJAN	595159	1	0.994401541222141	2.03278723121e-10	1.15978181525395e-05	1.112343874441e-11	3.518911223e-12	0.00558683070921156	3.003257396e-08	AZERBAIJAN0	Sis
AZERBAIJAN	595160	1	0.999983354071455	2.164633368126e-09	1.25990060324971e-06	1.34404133915e-12	5.09225979549e-11	1.527388394155e-05	1.0992710076e-07	AZERBAIJAN0	Sis
TAJIKISTAN	596635	1	0.999740247133656	7.9396998447e-11	6.90606036858422e-06	2.28744082372e-12	4.29388538864e-11	0.000252846665517259	1.583522e-11	TAJIKISTAN0	Shing
TAJIKISTAN	596636	1	0.999991414210444	5.843695460327e-09	8.0992207494921e-06	4.012300302e-14	3.2128277591e-12	3.701707409261e-07	1.105511173e-07	TAJIKISTAN0	Shing
TAJIKISTAN	596638	1	0.999969871894955	9.35236076e-13	1.22568159865791e-06	1.0243799e-16	2.594960137e-13	2.88276818250231e-05	7.474042618e-08	TAJIKISTAN0	Shing
TAJIKISTAN	596639	1	0.999990790280418	5.70217802e-13	2.68681555747007e-06	2.3266153e-16	6.88506e-17	6.5228679809621e-06	3.547319e-11	TAJIKISTAN0	Shing
TAJIKISTAN	596640	1	0.971625911826514	1.08263056348124e-05	0.0133765619548772	0.000358050532833933	3.94962145705384e-07	2.10914471575678e-05	0.0146071629708365	TAJIKISTAN0	Shing
TAJIKISTAN	596643	1	0.96186084027828	1.873441875e-12	1.67062460273278e-07	1.54024578439e-12	2.4593418618e-12	0.0381175942472463	2.139840614003e-05	TAJIKISTAN0	Shing
TAJIKISTAN	596644	6	3.07330308389527e-06	3.70135487552433e-06	5.2425144355685e-08	3.43406072942075e-06	1.498706161961e-10	0.999989266114999	4.725912969e-07	TAJIKISTAN0	Shing
TAJIKISTAN	596645	3	0.0128304665618162	2.12755670316656e-07	0.987008282714474	2.00925686670456e-09	8.72234564565845e-05	6.34246391277987e-05	1.038786319784e-05	TAJIKISTAN0	Shing
TAJIKISTAN	596647	1	0.999988290623024	9.33272455e-13	9.77512743847129e-06	2.44686865024e-12	2.7281914881e-12	1.9340196264301e-06	2.238024e-10	TAJIKISTAN0	Shing
TAJIKISTAN	596648	1	0.999999996547087	4.652422097e-12	3.0347462333e-10	1.16779169048244e-09	2.7618658038e-12	1.7704762466e-09	2.0375589e-10	TAJIKISTAN0	Shing
TAJIKISTAN	596650	1	0.998099500955098	2.9097981995e-11	0.0017503770327445	2.6262993e-16	4.2754537813e-12	0.000147511747537337	2.61023124592e-06	TAJIKISTAN1	Zeravshan
TAJIKISTAN	596651	1	0.990143465419909	7.92176554583e-10	0.00967493518501697	2.20239599178e-12	1.9543949848461e-09	4.03471976002122e-05	0.00014124944870002	TAJIKISTAN0	Shing
TAJIKISTAN	596653	1	0.999966475177034	1.90628774e-13	2.8604630172427e-05	5.26297e-18	7.7179315e-14	4.868734499467e-06	5.14580267e-08	TAJIKISTAN0	Shing
TAJIKISTAN	596655	1	0.999992358497996	3.2673452303e-11	4.2890235946329e-08	1.29181844e-15	1.06010503e-14	7.5947820091949e-06	3.7970739e-09	TAJIKISTAN0	Shing
TAJIKISTAN	596657	1	0.577589421598788	8.360869544695e-09	1.5645924561862e-07	1.94247089827e-12	2.01170915278e-11	0.422408840265242	1.57329379541e-06	TAJIKISTAN0	Shing
TAJIKISTAN	596661	1	0.999987432481301	9.5665591e-13	9.71622884977819e-06	1.9702516088e-13	4.68735195652e-11	2.4255530808115e-06	4.2568874165e-07	TAJIKISTAN0	Shing
TAJIKISTAN	596662	1	0.954348609447553	1.1595434885474e-08	0.0454487405828267	2.109489696977e-11	4.972426736075e-09	6.78328457326663e-05	0.0001348005349313	TAJIKISTAN1	Zeravshan
TAJIKISTAN	596666	3	0.00207912404755694	8.75382820784e-10	0.997914031528107	8.067549978456e-08	1.35636314243198e-07	7.813468875246e-07	5.84589025199e-06	TAJIKISTAN1	Zeravshan
TAJIKISTAN	596667	7	0.000683313417829876	8.06897295560087e-05	0.0677978718986895	9.20865172101645e-07	2.0218650549835e-07	0.0172016273785653	0.914235374523682	TAJIKISTAN2	Khorog
TAJIKISTAN	596671	1	0.999123782908836	5.814188621599e-09	0.000303496437393091	6.43082335e-15	1.2822203778e-12	0.000564073513803712	8.6413244897e-06	TAJIKISTAN1	Zeravshan
TAJIKISTAN	596672	1	0.999996680520461	1.22586662993e-10	1.97174304442452e-06	1.364016917239e-11	1.07298897468e-11	1.3370339735806e-06	1.055556443e-08	TAJIKISTAN1	Zeravshan
TAJIKISTAN	596675	1	0.914800578656681	7.31832018937269e-07	0.0845602819489719	1.14200269039284e-06	0.000241661743459931	3.85465058699124e-05	0.00035705731030816	TAJIKISTAN1	Zeravshan
TAJIKISTAN	596676	1	0.990554560358932	3.3686514339564e-08	0.00943569980242135	2.659398017e-14	1.89819484299e-11	4.7551355582595e-06	4.95099756566e-06	TAJIKISTAN1	Zeravshan
TAJIKISTAN	596677	1	0.985986355387101	1.9758272317e-11	0.0140122829211074	7.5359487376e-13	4.55024344737e-11	1.2091079427239e-06	1.5251783498e-07	TAJIKISTAN1	Zeravshan
TAJIKISTAN	596680	1	0.999919353150146	4.3675711433e-11	7.3069695996794e-05	1.35892801268e-12	1.81005782112e-11	7.3048863615966e-06	2.7220436037e-07	TAJIKISTAN3	Kalaikhum
TAJIKISTAN	596681	1	0.999979170909155	6.75472342442e-10	5.0892027654371e-06	7.2751707e-15	4.841693621e-13	1.53148929681905e-05	4.2431914754e-07	TAJIKISTAN3	Kalaikhum
TAJIKISTAN	596682	1	0.983777055731495	5.5905313677534e-08	0.00130356115819423	2.34745306029e-10	5.19629969563e-11	0.0144414552245203	0.00047787169376809	TAJIKISTAN3	Kalaikhum
TAJIKISTAN	596683	1	0.99961430473582	7.3877220867e-11	2.84702689852254e-07	7.82365380274e-12	1.211027117e-13	0.000385372820210963	3.765945671e-08	TAJIKISTAN3	Kalaikhum
TAJIKISTAN	596684	3	5.15569590782013e-05	9.3064542859579e-08	0.999868653980128	7.6068212842289e-10	1.0390229784051e-07	5.19266438736e-08	7.953940662711e-05	TAJIKISTAN3	Kalaikhum
TAJIKISTAN	596685	1	0.998711424982885	4.77961432059e-10	0.00128832958114796	5.2814619536e-13	6.5936330674587e-09	2.301127798002e-07	8.2510644e-09	TAJIKISTAN3	Kalaikhum
TAJIKISTAN	596687	1	0.873961844545931	2.9042765050235e-08	0.125930776330554	1.14340108831e-11	7.873397325474e-10	0.000104809726982053	2.53955499385e-06	TAJIKISTAN3	Kalaikhum
TAJIKISTAN	596688	1	0.989525785570816	1.17760459152765e-07	0.0103251762210227	4.63185151352e-12	2.64882680329096e-08	1.5095021710706e-06	0.00014738445263102	TAJIKISTAN3	Kalaikhum
TAJIKISTAN	596689	1	0.999995172430048	8.5698469631e-11	3.62802112591398e-06	5.28771478e-15	1.62277072e-14	4.590518839806e-07	7.4041122236e-07	TAJIKISTAN3	Kalaikhum
TAJIKISTAN	596690	1	0.999886357342428	1.492374743665e-09	5.7338238398309e-06	3.371885001e-14	4.147478255e-13	0.000107419591788444	4.8774912058e-07	TAJIKISTAN3	Kalaikhum
TAJIKISTAN	596692	1	0.999989652008239	1.0495109055e-10	3.8180337920261e-08	3.7101835e-16	4.0504794e-15	1.03085706115302e-05	1.13585561e-09	TAJIKISTAN3	Kalaikhum
TAJIKISTAN	596693	1	0.999773626065967	4.006585244e-12	0.000224706546891691	9.135146321e-14	1.61130664e-13	1.1417541975443e-06	5.2562868453e-07	TAJIKISTAN3	Kalaikhum
TAJIKISTAN	596694	1	0.99911735404588	1.0378533190173e-08	0.000624828588715471	9.3976751296976e-10	4.7610517764275e-09	0.00012314463670412	0.00013465664934766	TAJIKISTAN3	Kalaikhum
TAJIKISTAN	596695	1	0.999931842253535	1.83243624127e-10	6.38696499315635e-05	1.7934875038e-13	1.1957588126e-12	3.093914827867e-07	3.97852043199e-06	TAJIKISTAN3	Kalaikhum
TAJIKISTAN	596696	1	0.999997897560208	1.03242251543e-09	1.50696284335352e-06	5.575762397059e-11	2.336105064243e-10	2.6576362345e-07	3.2839153405e-07	TAJIKISTAN3	Kalaikhum
TAJIKISTAN	596697	1	0.966175188537539	4.6104087081e-11	0.000105233554284266	4.6243749759307e-08	9.9557042038083e-09	0.0333375812180684	0.00038194044454982	TAJIKISTAN3	Kalaikhum
TAJIKISTAN	596698	3	0.00256614966518603	4.36145847009199e-06	0.997360112025778	3.222095423928e-10	1.94560789971431e-05	1.8350510420359e-05	3.156993893873e-05	TAJIKISTAN3	Kalaikhum
TAJIKISTAN	596699	1	0.999998633775349	5.6454826e-14	2.43312023549674e-07	7.530331e-17	2.23142387e-14	1.1206699990954e-06	2.2425496e-09	TAJIKISTAN3	Kalaikhum
TAJIKISTAN	596700	3	1.26241605027127e-06	0.00079183602440285	0.996973036190544	5.59682701001475e-05	0.000307876517729332	0.000191088009171207	0.0016789325720019	TAJIKISTAN2	Khorog
TAJIKISTAN	596702	1	0.999043257358706	2.53176832975458e-07	1.37131976782431e-05	2.77404728345e-11	8.8656972803e-12	0.000934676046363277	8.10018381336e-06	TAJIKISTAN2	Khorog
TAJIKISTAN	596703	1	0.691378250730352	3.40512699725688e-05	0.287345749918654	5.36842569696e-12	6.56128766917541e-07	0.000266863374503337	0.020974428572382	TAJIKISTAN2	Khorog
TAJIKISTAN	596704	4	9.44416548398049e-08	1.05449754791956e-06	4.17512384719588e-07	0.999996716742392	3.89860487694594e-07	5.207936333422e-07	8.0615189971e-07	TAJIKISTAN2	Khorog
TAJIKISTAN	596705	3	5.25017323337627e-05	4.35843528687e-10	0.999868325170402	1.34866607704269e-08	3.61204627583015e-06	4.284929112039e-07	7.51186355727e-05	TAJIKISTAN2	Khorog
TAJIKISTAN	596706	1	0.999993058529301	3.11426784e-13	1.80099655856038e-06	1.681714045e-14	1.68979406747e-11	4.8832763609337e-06	2.5718055318e-07	TAJIKISTAN2	Khorog
TAJIKISTAN	596707	1	0.99550930176016	2.7264828088386e-08	0.00363617209460065	1.939190123585e-11	1.036976872283e-10	0.000407482676382427	0.00044701608093878	TAJIKISTAN2	Khorog
TAJIKISTAN	596708	3	0.136868735469736	1.223712554728e-08	0.86308590834003	2.1539817272e-13	3.39132156390528e-07	2.54506888607922e-05	1.955413187651e-05	TAJIKISTAN2	Khorog
TAJIKISTAN	596709	1	0.996892091966715	1.15743716759255e-07	0.00134529376432773	3.575603886035e-11	1.64515546979279e-08	2.83503266367e-06	0.0017596470052661	TAJIKISTAN2	Khorog
TAJIKISTAN	596710	3	3.61363839758296e-05	3.27841288636306e-07	0.996877244796417	6.072224422423e-11	2.70190852736025e-05	1.1450185281832e-06	0.0030581268137941	TAJIKISTAN2	Khorog
TAJIKISTAN	596713	3	0.0922829696221061	5.053930000045e-07	0.902739898475219	3.11059113805791e-09	0.00411671510645815	0.000242440469660429	0.00061746782296476	TAJIKISTAN2	Khorog
TAJIKISTAN	596714	1	0.999998999074146	4.19627312e-13	3.1653338730609e-08	3.700004e-17	1.0471037e-15	9.530210233766e-07	1.625107088e-08	TAJIKISTAN2	Khorog
TAJIKISTAN	596715	1	0.995949268585784	4.46029467e-13	0.00404839297338793	3.2238287e-16	2.1794895797e-12	1.8059826107368e-06	5.3245559173e-07	TAJIKISTAN2	Khorog
TAJIKISTAN	596716	6	2.46200489077219e-06	2.8794732244442e-08	1.20990405453716e-06	0.00114201343012006	5.547812044644e-10	0.998851782067825	2.50324359626e-06	TAJIKISTAN2	Khorog
TAJIKISTAN	596718	1	0.970879921233364	2.3544269597145e-08	0.0216513498645585	3.60462267910738e-08	1.60290621308815e-08	0.00743864909110416	3.000419141491e-05	TAJIKISTAN2	Khorog
TAJIKISTAN	596721	1	0.999925802614628	1.70096212242e-10	1.2535018501309e-07	1.133608704e-14	9.2462690266e-12	7.37176372663566e-05	3.5421856659e-07	TAJIKISTAN2	Khorog
TAJIKISTAN	596722	1	0.999987521389367	5.6461935917e-11	1.13177390420676e-05	2.1024150763e-13	8.852857914e-13	1.0633457116113e-06	9.746832151e-08	TAJIKISTAN2	Khorog
TAJIKISTAN	596723	1	0.93299970290711	6.31086670479816e-06	0.0345440943699995	1.91690985453116e-09	2.37768350539433e-05	0.000519196807910268	0.0319069162963113	TAJIKISTAN2	Khorog
TAJIKISTAN	596724	6	0.00113312373775651	1.50493577159598e-05	0.00094093179756688	7.14689771824915e-09	1.21204425601088e-06	0.997908046762591	1.62915321641e-06	TAJIKISTAN2	Khorog
TAJIKISTAN	596727	1	0.999059231902764	3.610937087e-12	1.5668071719918e-08	2.7399773001e-13	5.88858255e-14	0.000940644212915912	1.0821230498e-07	TAJIKISTAN2	Khorog
TAJIKISTAN	596728	3	2.5321021491763e-05	3.82297040801e-10	0.999958680341494	2.24780004801e-12	4.13574772106011e-08	2.1712377738e-09	1.595472375403e-05	TAJIKISTAN2	Khorog
TAJIKISTAN	596729	1	0.533963572633253	1.17458545335599e-06	0.464749805272539	2.9562786032125e-10	2.49714231250516e-08	0.00128278668480876	2.63555689485e-06	TAJIKISTAN2	Khorog
TAJIKISTAN	596730	1	0.999973893352635	1.0615964531e-11	5.09612457262144e-06	3.977943342e-14	5.3588999e-14	2.09339033747998e-05	7.66087088e-08	TAJIKISTAN2	Khorog
TAJIKISTAN	596732	4	1.43849555226364e-08	0.000431672895731132	2.79867408738108e-05	0.995660278590876	3.92913587449694e-06	0.00369899813377356	0.0001771201179149	TAJIKISTAN2	Khorog
TAJIKISTAN	596733	3	0.000263226674506928	9.2375909244338e-07	0.998920081427397	2.4818786358755e-10	4.28185874339108e-07	3.533636096761e-07	0.00081498634133216	TAJIKISTAN2	Khorog
TAJIKISTAN	596735	1	0.999992470727661	2.7375255914e-11	7.39134927642062e-06	2.144063386e-14	1.29794043704e-11	8.7982626672e-08	4.99000595e-08	TAJIKISTAN4	Rushan
TAJIKISTAN	596737	1	0.990802338206236	2.40842302529303e-07	0.00305634337374786	1.05302882166398e-07	5.0947644843846e-07	9.90536455855466e-05	0.00604140915279737	TAJIKISTAN4	Rushan
TAJIKISTAN	596738	1	0.999997564444381	3.4900771e-14	1.9808445158621e-06	3.064511e-17	5.612301e-16	4.512902332741e-07	3.42083382e-09	TAJIKISTAN4	Rushan
TAJIKISTAN	596739	1	0.999928612854076	3.26113868808e-09	6.27721677057195e-05	4.9386229548e-13	4.980341163554e-10	8.3989485426414e-06	2.1227000958e-07	TAJIKISTAN4	Rushan
TAJIKISTAN	596740	3	0.312599211245861	0.00125296787808093	0.60228154044336	1.0700571737919e-08	2.8480356526958e-05	0.0790306611453388	0.00480712823026058	TAJIKISTAN4	Rushan
TAJIKISTAN	596742	1	0.999514632773663	6.2467308e-14	5.1319816949761e-08	5.4848448339e-13	5.1923833e-15	0.000485301497187068	1.440871652e-08	TAJIKISTAN4	Rushan
TAJIKISTAN	596743	1	0.984510383850232	1.053493246311e-09	0.000189233877577235	1.4410992028773e-09	2.3077841453e-12	0.0152547171115746	4.566266371619e-05	TAJIKISTAN4	Rushan
TAJIKISTAN	596744	1	0.999996557283588	2.1584138e-14	1.66551722081631e-07	5.696005e-17	5.572991e-16	3.2750861434551e-06	1.07852406e-09	TAJIKISTAN4	Rushan
TAJIKISTAN	596745	1	0.99997467848962	1.64933943314e-10	1.76162082091436e-06	3.519126863e-12	9.33062567e-14	2.3402940222555e-05	1.567807905e-07	TAJIKISTAN4	Rushan
TAJIKISTAN	596747	4	9.83023362705629e-09	2.862143085997e-09	4.36706407616263e-07	0.999986802034339	7.03538538742302e-06	1.23769022298e-07	5.5894124667e-06	TAJIKISTAN4	Rushan
TAJIKISTAN	596748	4	2.21941223999644e-08	4.78172210599426e-06	4.153772909464e-09	0.999073183043548	1.01929193064955e-06	0.000914223258926386	6.76633559338e-06	TAJIKISTAN4	Rushan
TAJIKISTAN	596749	1	0.976664805268461	1.14431378326143e-06	0.0213911815117483	6.9885611945e-12	1.08721620530306e-08	0.000457016442556008	0.0014858415843003	TAJIKISTAN4	Rushan
TAJIKISTAN	596750	1	0.99121540116881	1.52936325305151e-05	0.000427952652665898	4.90888291630156e-09	3.358022440838e-10	0.00317263706272971	0.00516871023857858	TAJIKISTAN4	Rushan
TAJIKISTAN	596751	7	0.00130733751668754	1.53293963122675e-06	0.052433136193866	5.66628998221655e-08	0.000238429102297027	6.612941148749e-07	0.946018846290503	TAJIKISTAN4	Rushan
TAJIKISTAN	596752	7	0.000872166249453836	0.000185107986242218	4.51811983908814e-05	7.31867267474833e-05	0.000595452071018695	5.2901774642064e-06	0.998223615590683	TAJIKISTAN4	Rushan
TAJIKISTAN	596753	1	0.993620183618835	1.33487670549557e-07	0.00609634872506263	7.09511654811e-11	4.87215632186295e-06	4.01192590651478e-05	0.00023834268209384	TAJIKISTAN4	Rushan
TAJIKISTAN	596754	7	0.000880347379864071	8.09512436536409e-05	0.00107897806486977	5.161857826814e-11	9.568106759159e-10	0.000699352987334327	0.997260369315849	TAJIKISTAN4	Rushan
UZBEKISTAN	596757	1	0.999705118625868	1.24999750446e-10	0.000289483563903905	2.696995774e-14	1.4863924271e-12	4.8484166727552e-06	5.4926704262e-07	UZBEKISTAN2	Tashkent
UZBEKISTAN	596758	1	0.999621645232143	2.08072177353e-10	0.00034476922306992	1.348855e-16	2.660631761e-13	3.35313510500199e-05	5.398539794e-08	UZBEKISTAN2	Tashkent
UZBEKISTAN	596759	3	0.000220768488493133	8.31402715156831e-07	0.997975081449287	5.67561948276901e-09	5.5601131478328e-07	2.4908739806389e-06	0.00180026609859009	UZBEKISTAN2	Tashkent
UZBEKISTAN	596760	3	0.000338741944677073	2.60496544385572e-07	0.997006714262025	2.0352994219188e-10	3.09518287871177e-05	1.32831406892763e-05	0.00261004812374761	UZBEKISTAN2	Tashkent
UZBEKISTAN	596763	1	0.988573240002349	4.97098029633013e-07	0.00984954572020185	5.09226432555e-11	4.716489410849e-10	0.00122101615970903	0.00035570049713856	UZBEKISTAN2	Tashkent
UZBEKISTAN	596764	3	2.59512846393647e-06	0.000579322576502443	0.965629058064957	0.000263381890160053	0.0188220287711015	0.0114844894562897	0.00321912411252535	UZBEKISTAN2	Tashkent
KAZAKISTAN	596765	1	0.993958257239499	1.4915566269e-11	0.00603992342124302	4.932706997e-14	3.29984307263e-11	8.294739139556e-07	9.8981738038e-07	KAZAKISTAN1	Almaty
KAZAKISTAN	596769	3	0.00922477295343664	3.4459933813597e-07	0.989688512302298	5.52782079622e-12	6.72381627009028e-05	1.67336028769525e-05	0.00100239837382163	KAZAKISTAN1	Almaty
KAZAKISTAN	596770	7	0.0242617297355034	0.00281080961884463	0.0370158953009959	7.28538753986137e-08	0.00027149603484461	0.0093394089528398	0.926300587503096	KAZAKISTAN1	Almaty
KAZAKISTAN	596771	1	0.974141850711919	1.35053620358723e-07	5.42727154561173e-07	1.2562155609e-13	5.8090623787e-12	0.0258569951522307	4.763491404e-07	KAZAKISTAN1	Almaty
KAZAKISTAN	596773	7	0.00175123816037932	0.000522542324479025	0.0689457107480001	1.5820123773658e-10	7.07651037648729e-05	1.31599344205823e-05	0.928696583570755	KAZAKISTAN1	Almaty
KAZAKISTAN	596774	7	9.08617796616242e-07	5.87083020669621e-05	0.00594010248889692	3.92205404992918e-07	0.00235982300364807	7.8414574722e-09	0.991640057540729	KAZAKISTAN1	Almaty
KAZAKISTAN	596775	3	8.39569584186064e-06	5.35841494751353e-05	0.996980816510301	6.12483102553318e-06	0.000532340359852461	3.175283873597e-07	0.00241842092511718	KAZAKISTAN1	Almaty
KAZAKISTAN	596776	3	8.50406134441049e-07	2.8154883636631e-08	0.999998096806019	1.99341677039e-12	3.72228019735969e-07	3.714999356e-10	6.5203145011e-07	KAZAKISTAN1	Almaty
KAZAKISTAN	596777	3	0.000202294412736386	1.2804659672789e-07	0.994563343215885	1.92839815929889e-09	0.000606529932807413	7.08084126129e-08	0.00462763165516392	KAZAKISTAN1	Almaty
KAZAKISTAN	596780	7	1.89347012481015e-05	0.0101891246584793	0.0642578859039519	4.88699321904747e-08	0.010808922636318	6.11828952287122e-05	0.914663900334842	KAZAKISTAN1	Almaty
KAZAKISTAN	596782	3	0.0214590374151787	1.89651204243334e-06	0.960595302640636	2.66974513307387e-08	0.010203408086243	2.1581736164795e-06	0.00773817047483185	KAZAKISTAN1	Almaty
KAZAKISTAN	596783	3	1.06628685866337e-08	2.32058036710827e-07	0.991417079121518	3.78031427819e-11	0.000543745935464439	1.2920417836e-09	0.00803893089226721	KAZAKISTAN1	Almaty
KAZAKISTAN	596784	3	8.81036488828165e-07	0.00279579234372606	0.965927034024425	7.98316599788137e-08	6.54971803531989e-05	2.0490887130022e-06	0.0312086664946339	KAZAKISTAN1	Almaty
KAZAKISTAN	596785	3	0.00393912378047704	1.22823732896056e-07	0.966973679719248	2.5650625246e-13	5.18307733835547e-08	2.81430305051442e-05	0.029058878815007	KAZAKISTAN1	Almaty
KAZAKISTAN	596787	3	0.00798354538213209	1.89905311509644e-05	0.991902400328193	5.138987457059e-11	9.12110103578128e-06	3.14344185205882e-05	5.450818757721e-05	KAZAKISTAN0	Alga
KAZAKISTAN	596788	6	1.10323556744701e-05	0.00013186602896362	8.72596058243388e-06	2.08410578005508e-07	7.87438417690749e-06	0.999816073433395	2.421942662919e-05	KAZAKISTAN0	Alga
KAZAKISTAN	596789	6	3.89354272425418e-07	3.356160864e-10	1.67643133292685e-07	6.022860232908e-11	4.2590224898e-12	0.999999427281352	1.532113898e-08	KAZAKISTAN0	Alga
KAZAKISTAN	596790	3	0.000152658001718547	7.33491662729091e-07	0.995332190872944	1.24307933676504e-08	7.54705191582992e-08	0.000571192679629702	0.00394313705273308	KAZAKISTAN0	Alga
KAZAKISTAN	596791	3	6.17929520918198e-05	3.61748507141878e-07	0.999657597491445	2.82397203293749e-06	0.000244792344603282	1.0739862174855e-06	3.155750510228e-05	KAZAKISTAN0	Alga
KAZAKISTAN	596792	3	3.06426152672191e-06	7.03805708155809e-06	0.99916493826066	1.17621680019229e-07	0.000303992107352872	2.88876741251e-08	0.0005208208040243	KAZAKISTAN0	Alga
KAZAKISTAN	596793	3	0.217387550994464	1.7200469318344e-08	0.782548620593217	9.21553452063036e-07	2.42345150408049e-05	3.47851145880811e-05	3.87002876822e-06	KAZAKISTAN0	Alga
KAZAKISTAN	596794	1	0.999509462025535	1.2673693955619e-08	0.000362229964816157	4.3873276161043e-08	3.567485934381e-09	0.000128221074038775	2.682115388e-08	KAZAKISTAN0	Alga
KAZAKISTAN	596795	6	1.97811166408324e-05	5.4210568349798e-08	1.15983264047333e-06	4.10666469519334e-05	1.72887646900754e-08	0.999937887639146	3.32652877e-08	KAZAKISTAN0	Alga
KAZAKISTAN	596796	6	0.000349052944460798	4.39009908509718e-07	2.5251552179338e-08	1.36889520202723e-08	3.7968953158e-12	0.999650366389	1.0271233014e-07	KAZAKISTAN1	Almaty
KAZAKISTAN	596800	3	0.00229370623486726	7.16924763034721e-07	0.997696565810593	6.707522374279e-10	4.4714081005927e-09	9.017626701691e-07	8.1041249466e-06	KAZAKISTAN1	Almaty
KAZAKISTAN	596801	6	0.0896729332048863	5.4316750240691e-08	1.46523955058548e-05	2.60234843415156e-09	1.377345596601e-10	0.910284190816766	2.816652600901e-05	KAZAKISTAN1	Almaty
KAZAKISTAN	596803	6	0.000280025286068622	5.43806721279e-10	0.000814057665594431	5.10117821791835e-07	4.21371443605e-11	0.998901320234187	4.08611038454e-06	KAZAKISTAN1	Almaty
KAZAKISTAN	596804	6	7.5354687690912e-06	0.000172337776736788	1.66450198063435e-05	2.80129668513639e-07	1.68769870427842e-08	0.999790021286747	1.316344128519e-05	KAZAKISTAN1	Almaty
UZBEKISTAN	596812	1	0.999788521709915	3.0536326415636e-08	1.8261991089219e-05	2.02698497254e-12	2.499578306205e-10	0.000123322337674904	6.986317301012e-05	UZBEKISTAN2	Tashkent
UZBEKISTAN	596814	7	0.0164595647973838	0.00513141871802311	0.00130982138597419	1.71591519956833e-08	1.30600690282157e-06	0.00210947430941496	0.974988397623149	UZBEKISTAN2	Tashkent
UZBEKISTAN	596817	1	0.999893668674743	1.20194031e-13	0.000106312826092686	3.614935e-17	5.03750301e-13	6.9047436482e-09	1.159379703e-08	UZBEKISTAN2	Tashkent
UZBEKISTAN	596818	1	0.99960449593019	2.739320246926e-09	0.000390076432561814	6.064643867e-14	4.6082802458e-12	3.5340935702804e-06	1.89079968941e-06	UZBEKISTAN2	Tashkent
UZBEKISTAN	596819	1	0.999883540044557	4.0279323166919e-08	9.47717766271986e-05	6.14853748477e-12	2.770760392855e-10	2.03999108445874e-05	1.24770542393e-06	UZBEKISTAN2	Tashkent
UZBEKISTAN	596820	1	0.482196997871388	0.00062420537181624	0.478182797858845	1.34604516771874e-08	0.000485237976761598	0.00063093526846165	0.0378798121922759	UZBEKISTAN2	Tashkent
UZBEKISTAN	596821	3	0.00265704766069716	1.01461763965083e-07	0.983006655932694	7.224215125201e-11	1.65629270009293e-07	0.00190989984133645	0.0124261294019964	UZBEKISTAN2	Tashkent
UZBEKISTAN	596822	1	0.999575068671341	5.75019127327e-10	0.000423532809280334	4.450945538e-14	5.05074879e-13	7.997236324677e-07	5.9822017746e-07	UZBEKISTAN2	Tashkent
UZBEKISTAN	596824	1	0.990932949155746	1.0523811131732e-08	0.00906414542954041	1.8253164013e-13	1.92186787435706e-08	2.3642389081472e-06	5.1143313271e-07	UZBEKISTAN2	Tashkent
UZBEKISTAN	596825	3	0.00690464447447374	7.5681662277552e-08	0.991471589245023	8.94862464234e-12	2.27673409802319e-07	1.41789107460642e-05	0.00160928400573572	UZBEKISTAN2	Tashkent
UZBEKISTAN	596826	3	9.94269365090711e-05	5.88688321380824e-07	0.999892857331392	1.202093777394e-11	1.08330036549023e-07	6.6308258663135e-06	3.8787585331e-07	UZBEKISTAN2	Tashkent
UZBEKISTAN	596829	1	0.999967661294815	1.66071466e-13	2.4656505527587e-05	4.7656246e-16	2.336426169e-13	7.6730011676265e-06	9.19809008e-09	UZBEKISTAN2	Tashkent
UZBEKISTAN	596830	1	0.999973148120191	9.52022955e-13	3.21856188202744e-07	1.23244013e-15	3.5750552e-15	2.64440667804874e-05	8.595588323e-08	UZBEKISTAN2	Tashkent
UZBEKISTAN	596832	3	0.0282703942021877	8.63364513782432e-06	0.971687056878688	4.88784132735547e-09	2.71585000954945e-06	1.30576072224407e-05	1.81369289134e-05	UZBEKISTAN0	Karshi
GEORGIA	605405	4	2.43051060879082e-05	0.00067030227323987	3.62906456337364e-06	0.994870312454429	0.00279476078073394	0.00163430196334959	2.38835759626e-06	GEORGIA1	Kakheti
GEORGIA	605406	4	0.00132089682993859	0.177881512248257	1.13605548068713e-05	0.590032690767436	0.000160316746614948	0.157687523032085	0.0729056998208607	GEORGIA1	Kakheti
GEORGIA	605407	2	3.4915568196761e-12	0.999994774618806	2.08763121942e-10	9.60448186326086e-08	1.60569513951942e-06	3.66087042923e-08	3.486820277e-06	GEORGIA1	Kakheti
GEORGIA	605408	3	6.25868011844211e-06	0.000181388170029118	0.808264559866631	1.22563132213743e-07	0.17573138136756	8.328931493697e-07	0.0158154564593798	GEORGIA1	Kakheti
GEORGIA	605411	7	8.94222008839885e-05	3.25546371186819e-06	0.000110379227195038	4.0712251566458e-10	0.000100432606265959	3.22359258012218e-05	0.999664274169019	GEORGIA1	Kakheti
GEORGIA	605412	4	4.4800929243e-15	5.38169633283601e-07	6.645611051e-12	0.999999295130455	1.63963690000503e-07	8.923599e-12	2.72064793e-09	GEORGIA1	Kakheti
GEORGIA	605413	4	3.59845389036e-14	0.000456317057844219	1.1365374228166e-08	0.998498942563054	0.00104470457842876	1.68521779594e-08	7.58308534e-09	GEORGIA1	Kakheti
GEORGIA	605414	7	0.000239564533507035	0.00554611508618177	0.00138346390958794	3.23040240371261e-06	7.48173194225446e-05	0.000256225207728151	0.992496583541169	GEORGIA1	Kakheti
GEORGIA	605415	6	0.000343380531632485	0.00708085715681573	0.131535142723556	6.68803736523229e-06	0.0125346419440289	0.83590070027179	0.0125985893348116	GEORGIA1	Kakheti
GEORGIA	605416	5	3.33177038077461e-08	0.000589286375161596	0.000286843548556509	2.8713180250041e-05	0.99873551392076	1.524616700623e-07	0.00035945719589787	GEORGIA1	Kakheti
GEORGIA	605418	2	1.770323428351e-13	0.999342021893139	7.39236117923e-10	0.000539759353017539	3.47836297676926e-05	1.29225972125e-08	8.342146206496e-05	GEORGIA1	Kakheti
GEORGIA	605419	5	1.4505325137441e-12	0.000238993025932011	1.26623378348997e-06	0.000281391786789194	0.999331224046987	3.84611225273e-08	0.00014708644393495	GEORGIA1	Kakheti
GEORGIA	605422	5	4.39435451915e-13	0.00565102781699222	6.05376947133131e-07	0.000116286729070893	0.992287757635159	2.18213621371e-08	0.00194430062002954	GEORGIA1	Kakheti
GEORGIA	605424	7	6.533024454455e-08	0.00130134690863586	0.000105527481242846	3.8471882784101e-06	0.0612692797925849	1.0158841630191e-06	0.93731891741485	GEORGIA1	Kakheti
GEORGIA	605425	5	2.73047378836593e-09	1.36921556079665e-06	0.0106553116474608	2.97925202978055e-07	0.983289862681722	2.3979455355e-09	0.00605315340163395	GEORGIA1	Kakheti
GEORGIA	605426	5	4.87945620696209e-05	0.00288129226397831	0.0624995756838227	3.62009333701974e-07	0.901807648347424	4.751400702732e-07	0.0327618519933013	GEORGIA1	Kakheti
GEORGIA	605427	5	3.11512737559488e-08	4.83076697748471e-07	0.0293298765458593	1.27320428427574e-08	0.970413718970728	9.887581040926e-07	0.00025488876529469	GEORGIA1	Kakheti
GEORGIA	605428	3	8.98954618023994e-07	4.3359564872863e-08	0.971081782099636	3.44829515434892e-09	0.0288686098509449	5.53983264415e-08	4.860688861514e-05	GEORGIA1	Kakheti
GEORGIA	605429	7	5.88616517420039e-07	9.29642562770623e-06	0.00196592625694552	2.51940837265346e-08	0.00140380701635662	2.67693037681108e-05	0.996593587186701	GEORGIA1	Kakheti
GEORGIA	605430	5	8.39166605658627e-08	0.0182837933277066	0.00119568017281314	7.13289868995534e-08	0.923035875715342	6.2470448542146e-06	0.0574782484936363	GEORGIA1	Kakheti
GEORGIA	605432	5	1.0282879794268e-12	7.04003678333194e-06	2.15683950963031e-05	1.26924475689927e-08	0.999912115330341	1.47494428e-11	5.926352955448e-05	GEORGIA1	Kakheti
GEORGIA	605433	7	2.52972315535865e-06	8.68693293556862e-05	1.68815028383175e-06	8.51387006551434e-09	5.29795629494443e-08	0.000760935823319874	0.999147915480452	GEORGIA1	Kakheti
GEORGIA	605440	5	7.49264926811002e-11	6.97739263777449e-07	4.98794568525432e-05	5.15131415637504e-08	0.999893781807582	3.6023695e-12	5.558940463147e-05	GEORGIA1	Kakheti
GEORGIA	605442	2	1.83123928682005e-06	0.975109997797086	8.33662097674268e-05	0.00315454982970837	0.000154460230201522	4.5580677230293e-06	0.0214912366262268	GEORGIA1	Kakheti
GEORGIA	605443	4	3.56197075858263e-10	0.0248368419359776	5.90830855513694e-05	0.953979251920849	0.0073999669116679	0.000185874564037779	0.0135389812257193	GEORGIA1	Kakheti
GEORGIA	605444	2	3.59564863520568e-09	0.99353200267458	0.000128791478668398	8.6835455683419e-10	0.000337193472676102	1.1039341193e-09	0.00600200680613792	GEORGIA1	Kakheti
GEORGIA	605445	5	6.6053750022e-15	2.31564729475604e-06	1.53237800989138e-06	1.31400722573379e-06	0.999994555538226	3.25896103e-11	2.8239664705e-07	GEORGIA1	Kakheti
GEORGIA	605446	5	4.85939218855979e-09	0.00747741000566814	0.000108314201799373	6.12176544611535e-08	0.992105390113814	4.2623017852e-09	0.00030881533937049	GEORGIA2	Mtskheta_Mtianeti
GEORGIA	605447	2	2.64750195346453e-08	0.998091710788662	2.93071441538681e-05	1.86107583552339e-05	0.000343927156418535	1.2830502165e-08	0.00151640484688822	GEORGIA1	Kakheti
GEORGIA	605448	2	4.5623298657748e-08	0.655475220025861	2.36568476918261e-05	0.0259936866439913	0.301458515617703	7.8918248206673e-05	0.0169699569932474	GEORGIA1	Kakheti
GEORGIA	605449	2	2.19224454060697e-10	0.914411061746754	1.3631366120118e-05	0.001487797877846	0.084072653887442	5.26871078054e-08	1.480221550592e-05	GEORGIA1	Kakheti
GEORGIA	605450	5	5.414185576e-16	7.37105146586526e-07	7.589481685719e-09	2.64636058448504e-06	0.999996507806089	5.174499e-13	1.0113818024e-07	GEORGIA1	Kakheti
GEORGIA	605451	2	2.3408648694476e-12	0.9928976716707	1.88171588113801e-07	6.50613627633132e-05	0.00696623926147485	2.83966071963e-08	7.081113452559e-05	GEORGIA1	Kakheti
GEORGIA	605453	7	0.000282168771662448	0.0104718166658449	0.000143086728019405	0.000115775385778994	3.33120048380926e-07	0.00378542475520404	0.985201394573442	GEORGIA1	Kakheti
GEORGIA	605454	4	2.0882232321274e-12	0.163560817506533	2.718247575e-12	0.83617206944088	3.01124680775155e-06	2.683450213737e-07	0.00026383345595163	GEORGIA1	Kakheti
GEORGIA	605455	4	6.7534913037e-15	2.64586045206659e-06	3.85270512e-13	0.999997321124866	4.8358382119847e-09	2.81572369537e-08	2.12145e-11	GEORGIA1	Kakheti
GEORGIA	605456	4	2.98029490939422e-10	0.000189510962775962	6.3582513802797e-06	0.999206058787119	0.000371424205969574	1.3183174971e-09	0.0002266461764082	GEORGIA1	Kakheti
GEORGIA	605457	6	2.58956492210201e-07	0.0554555583642971	1.63599295389969e-05	0.000891115009835759	5.33481299787123e-05	0.932328777737583	0.0112545818722744	GEORGIA1	Kakheti
GEORGIA	605458	4	1.37593971023e-14	6.44061066462616e-07	2.1030906496079e-08	0.999549563867412	0.000445883564428713	5.85514895151e-08	3.82892468317e-06	GEORGIA2	Mtskheta_Mtianeti
GEORGIA	605459	7	1.83871004096197e-08	1.02125568885758e-05	1.43942947687565e-05	1.71329860889703e-05	0.00182409603675086	1.51675572816287e-05	0.998118978181121	GEORGIA2	Mtskheta_Mtianeti
ARMENIA	605461	7	1.74256870966886e-07	2.20491077504397e-05	0.000758110581552263	2.77020257127791e-07	0.0155627803958908	5.51368998832e-08	0.983656553500778	ARMENIA0	Chambarak
ARMENIA	605464	5	3.616768065646e-13	5.39900967971731e-07	6.57566568372226e-06	3.64709046715659e-09	0.963829320261021	1.35946321e-11	0.036163560511281	ARMENIA0	Chambarak
ARMENIA	605665	2	2.4077145987906e-05	0.990393241068308	1.60447894061737e-07	0.00348851639687692	2.35777071932024e-06	0.00607949027180272	1.21568984107e-05	ARMENIA4	Yerevan
ARMENIA	605666	2	7.11630214398495e-11	0.999997081244737	1.473889183837e-09	1.8194473527248e-07	1.82637513869199e-08	3.909917893018e-07	2.32600993491e-06	ARMENIA4	Yerevan
ARMENIA	605667	7	4.03399135507414e-07	2.14773868444027e-05	2.28257866339396e-05	2.951116194614e-07	7.28421773656905e-06	4.41415724073301e-05	0.999903572525623	ARMENIA4	Yerevan
ARMENIA	605668	7	5.51410474393205e-07	0.0401383521321211	0.0023525192394427	2.02098344729726e-05	0.0292347703528382	0.000329801954472201	0.927923795076179	ARMENIA4	Yerevan
ARMENIA	605670	5	3.60940166138934e-10	6.07310412109105e-06	4.95692401027062e-05	1.64280618714619e-05	0.99983024723313	4.59352051436e-08	9.763606462926e-05	ARMENIA4	Yerevan
ARMENIA	605671	6	8.13680184399166e-05	1.53471521759446e-05	8.6458950142301e-08	0.00010336561087874	4.24311566647e-11	0.997976070826146	0.00182376189097786	ARMENIA4	Yerevan
GEORGIA	605681	5	3.78220326228817e-08	0.00117319519264128	0.000208164380610262	3.20569940551939e-05	0.864661779228369	2.60486743789803e-05	0.133898717707912	GEORGIA1	Kakheti
GEORGIA	605682	5	1.69441835249432e-10	2.53038248154131e-05	2.10901367169395e-06	0.000474611944457005	0.999489448976797	2.67247458e-11	8.52604409265e-06	GEORGIA1	Kakheti
GEORGIA	605683	4	4.24886176e-17	1.41638878896782e-06	3.88529367e-13	0.999996427222884	2.15594196101616e-06	7.5701811e-11	3.7027609e-10	GEORGIA1	Kakheti
GEORGIA	605686	2	7.43746316679618e-06	0.998202683258864	1.70356612091617e-05	7.29485983101569e-08	0.000199947281167897	0.000529293979459955	0.00104352940753368	GEORGIA2	Mtskheta_Mtianeti
GEORGIA	605687	5	1.911937314458e-13	0.155717608648992	1.01714240845507e-07	0.000243308582373689	0.843962091885947	1.972775661739e-07	7.669189068948e-05	GEORGIA2	Mtskheta_Mtianeti
GEORGIA	605688	7	6.66350985057049e-07	6.19382384741553e-05	0.109236847023554	9.1812314023077e-08	0.0117163544006576	0.000172682989738906	0.878811419184277	GEORGIA2	Mtskheta_Mtianeti
GEORGIA	605689	4	6.0324109135e-15	5.42807243921897e-06	4.08345417e-13	0.99999425205972	1.68689099912852e-08	3.029278191767e-07	7.069713e-11	GEORGIA2	Mtskheta_Mtianeti
GEORGIA	605690	5	7.79868492911402e-09	5.7698603749896e-06	1.68788257225606e-05	2.43533164759001e-09	0.99961561546729	2.993078621057e-07	0.00036142630473324	GEORGIA2	Mtskheta_Mtianeti
GEORGIA	605694	6	0.000100774699937547	0.000625611257368986	2.2506890272958e-08	3.13692955067942e-07	1.487570921391e-10	0.999268268984744	5.00870934723e-06	GEORGIA2	Mtskheta_Mtianeti
GEORGIA	605697	4	1.0932446829067e-10	0.000457757209432008	2.5593427416083e-08	0.999491997742259	4.39036648136899e-05	2.521339391588e-07	6.0635468039e-06	GEORGIA2	Mtskheta_Mtianeti
GEORGIA	605698	6	5.97132382537655e-05	0.000225944624004372	4.15166706192798e-07	2.70997171974187e-05	8.27889355228981e-07	0.998518039394982	0.00116795996950158	GEORGIA2	Mtskheta_Mtianeti
GEORGIA	605699	4	2.69486019659702e-09	5.08521009727911e-05	8.6075105691889e-08	0.999794661253253	9.35767941724067e-05	3.87610104791e-08	6.078232062548e-05	GEORGIA2	Mtskheta_Mtianeti
GEORGIA	605701	7	1.08586815488358e-05	0.000571384828094007	0.00143730022098436	6.78673386928081e-06	9.58201387995814e-05	0.00120779147200035	0.996670057924704	GEORGIA2	Mtskheta_Mtianeti
