IranN/CHG PV001 0 0 1 1 0.99995 1e-05 1e-05 1e-05 1e-05 1e-05
IranN/CHG PV003 0 0 1 1 0.99995 1e-05 1e-05 1e-05 1e-05 1e-05
IranN/CHG PV006 0 0 1 1 0.99995 1e-05 1e-05 1e-05 1e-05 1e-05
IranN/CHG PV008 0 0 1 1 0.99995 1e-05 1e-05 1e-05 1e-05 1e-05
EarlyFarmers I7197 0 0 1 1 1e-05 0.99995 1e-05 1e-05 1e-05 1e-05
YamnayaLike RISE507.508.merge.SG 0 0 2 1 1e-05 1e-05 0.99995 1e-05 1e-05 1e-05
EarlyFarmers Bon001.SG 0 0 1 1 1e-05 0.99995 1e-05 1e-05 1e-05 1e-05
EarlyFarmers Bon002.SG 0 0 2 1 1e-05 0.99995 1e-05 1e-05 1e-05 1e-05
EarlyFarmers Bon004.SG 0 0 1 1 1e-05 0.99995 1e-05 1e-05 1e-05 1e-05
HG Loschbour_snpAD.DG 0 0 1 1 1e-05 1e-05 1e-05 0.99995 1e-05 1e-05
HG Loschbour_published.DG 0 0 1 1 1e-05 1e-05 1e-05 0.99995 1e-05 1e-05
EarlyFarmers Bar8.SG 0 0 2 1 1e-05 0.99995 1e-05 1e-05 1e-05 1e-05
EarlyFarmers Pal7.SG 0 0 2 1 1e-05 0.99995 1e-05 1e-05 1e-05 1e-05
EarlyFarmers Rev5.SG 0 0 2 1 1e-05 0.99995 1e-05 1e-05 1e-05 1e-05
IranN/CHG AH1.SG 0 0 2 1 0.99995 1e-05 1e-05 1e-05 1e-05 1e-05
IranN/CHG AH4.SG 0 0 2 1 0.99995 1e-05 1e-05 1e-05 1e-05 1e-05
IranN/CHG F38.SG 0 0 1 1 0.99995 1e-05 1e-05 1e-05 1e-05 1e-05
IranN/CHG I1661 0 0 2 1 0.99995 1e-05 1e-05 1e-05 1e-05 1e-05
HG Falkenstein 0 0 1 1 1e-05 1e-05 1e-05 0.99995 1e-05 1e-05
HG Rochedane 0 0 1 1 1e-05 1e-05 1e-05 0.99995 1e-05 1e-05
EarlyFarmers I0070 0 0 1 1 1e-05 0.99995 1e-05 1e-05 1e-05 1e-05
EarlyFarmers I0071 0 0 2 1 1e-05 0.99995 1e-05 1e-05 1e-05 1e-05
EarlyFarmers I0074 0 0 2 1 1e-05 0.99995 1e-05 1e-05 1e-05 1e-05
EarlyFarmers I9005 0 0 2 1 1e-05 0.99995 1e-05 1e-05 1e-05 1e-05
EarlyFarmers I9127 0 0 2 1 1e-05 0.99995 1e-05 1e-05 1e-05 1e-05
EarlyFarmers I9130 0 0 1 1 1e-05 0.99995 1e-05 1e-05 1e-05 1e-05
EarlyFarmers I9131 0 0 2 1 1e-05 0.99995 1e-05 1e-05 1e-05 1e-05
HG I0001 0 0 1 1 1e-05 1e-05 1e-05 0.99995 1e-05 1e-05
YamnayaLike I0126 0 0 1 1 1e-05 1e-05 0.99995 1e-05 1e-05 1e-05
YamnayaLike I0440 0 0 1 1 1e-05 1e-05 0.99995 1e-05 1e-05 1e-05
YamnayaLike I0418 0 0 2 1 1e-05 1e-05 0.99995 1e-05 1e-05 1e-05
YamnayaLike I0370 0 0 1 1 1e-05 1e-05 0.99995 1e-05 1e-05 1e-05
YamnayaLike I0441 0 0 2 1 1e-05 1e-05 0.99995 1e-05 1e-05 1e-05
YamnayaLike I0444 0 0 1 1 1e-05 1e-05 0.99995 1e-05 1e-05 1e-05
YamnayaLike I0439 0 0 1 1 1e-05 1e-05 0.99995 1e-05 1e-05 1e-05
YamnayaLike I0357 0 0 2 1 1e-05 1e-05 0.99995 1e-05 1e-05 1e-05
YamnayaLike I0429 0 0 1 1 1e-05 1e-05 0.99995 1e-05 1e-05 1e-05
YamnayaLike I0438 0 0 1 1 1e-05 1e-05 0.99995 1e-05 1e-05 1e-05
YamnayaLike I0575 0 0 1 1 1e-05 1e-05 0.99995 1e-05 1e-05 1e-05
HG I0585 0 0 1 1 1e-05 1e-05 1e-05 0.99995 1e-05 1e-05
EarlyFarmers I0785 0 0 2 1 1e-05 0.99995 1e-05 1e-05 1e-05 1e-05
EarlyFarmers I0781 0 0 2 1 1e-05 0.99995 1e-05 1e-05 1e-05 1e-05
EarlyFarmers I0797 0 0 1 1 1e-05 0.99995 1e-05 1e-05 1e-05 1e-05
EarlyFarmers I0022 0 0 2 1 1e-05 0.99995 1e-05 1e-05 1e-05 1e-05
EarlyFarmers I0026 0 0 2 1 1e-05 0.99995 1e-05 1e-05 1e-05 1e-05
EarlyFarmers I1508 0 0 2 1 1e-05 0.99995 1e-05 1e-05 1e-05 1e-05
EarlyFarmers I1100 0 0 2 1 1e-05 0.99995 1e-05 1e-05 1e-05 1e-05
EarlyFarmers I1102 0 0 1 1 1e-05 0.99995 1e-05 1e-05 1e-05 1e-05
EarlyFarmers I1099 0 0 1 1 1e-05 0.99995 1e-05 1e-05 1e-05 1e-05
EarlyFarmers I1103 0 0 1 1 1e-05 0.99995 1e-05 1e-05 1e-05 1e-05
EarlyFarmers I1101 0 0 1 1 1e-05 0.99995 1e-05 1e-05 1e-05 1e-05
EarlyFarmers I1097 0 0 1 1 1e-05 0.99995 1e-05 1e-05 1e-05 1e-05
EarlyFarmers I0744 0 0 1 1 1e-05 0.99995 1e-05 1e-05 1e-05 1e-05
EarlyFarmers I1096 0 0 1 1 1e-05 0.99995 1e-05 1e-05 1e-05 1e-05
EarlyFarmers I1098 0 0 2 1 1e-05 0.99995 1e-05 1e-05 1e-05 1e-05
EarlyFarmers I0708 0 0 1 1 1e-05 0.99995 1e-05 1e-05 1e-05 1e-05
EarlyFarmers I0745 0 0 1 1 1e-05 0.99995 1e-05 1e-05 1e-05 1e-05
EarlyFarmers I0746 0 0 1 1 1e-05 0.99995 1e-05 1e-05 1e-05 1e-05
EarlyFarmers I0707 0 0 2 1 1e-05 0.99995 1e-05 1e-05 1e-05 1e-05
EarlyFarmers I0709 0 0 1 1 1e-05 0.99995 1e-05 1e-05 1e-05 1e-05
EarlyFarmers I0725 0 0 2 1 1e-05 0.99995 1e-05 1e-05 1e-05 1e-05
EarlyFarmers I0736 0 0 2 1 1e-05 0.99995 1e-05 1e-05 1e-05 1e-05
EarlyFarmers I0633 0 0 1 1 1e-05 0.99995 1e-05 1e-05 1e-05 1e-05
EarlyFarmers I0634 0 0 1 1 1e-05 0.99995 1e-05 1e-05 1e-05 1e-05
IranN/CHG I1290 0 0 2 1 0.99995 1e-05 1e-05 1e-05 1e-05 1e-05
HG I1507 0 0 1 1 1e-05 1e-05 1e-05 0.99995 1e-05 1e-05
IranN/CHG I1670 0 0 2 1 0.99995 1e-05 1e-05 1e-05 1e-05 1e-05
IranN/CHG I1662 0 0 1 1 0.99995 1e-05 1e-05 1e-05 1e-05 1e-05
IranN/CHG I1674 0 0 1 1 0.99995 1e-05 1e-05 1e-05 1e-05 1e-05
IranN/CHG I1665 0 0 2 1 0.99995 1e-05 1e-05 1e-05 1e-05 1e-05
IranN/CHG I1671 0 0 1 1 0.99995 1e-05 1e-05 1e-05 1e-05 1e-05
HG KO1_published.SG 0 0 1 1 1e-05 1e-05 1e-05 0.99995 1e-05 1e-05
EarlyFarmers KO2.SG 0 0 2 1 1e-05 0.99995 1e-05 1e-05 1e-05 1e-05
EarlyFarmers NE2.SG 0 0 2 1 1e-05 0.99995 1e-05 1e-05 1e-05 1e-05
EarlyFarmers NE4.SG 0 0 2 1 1e-05 0.99995 1e-05 1e-05 1e-05 1e-05
EarlyFarmers NE5.SG 0 0 1 1 1e-05 0.99995 1e-05 1e-05 1e-05 1e-05
HG LaBrana1_published.SG 0 0 1 1 1e-05 1e-05 1e-05 0.99995 1e-05 1e-05
YamnayaLike RISE240.SG 0 0 2 1 1e-05 1e-05 0.99995 1e-05 1e-05 1e-05
YamnayaLike RISE509.SG 0 0 2 1 1e-05 1e-05 0.99995 1e-05 1e-05 1e-05
YamnayaLike RISE511.SG 0 0 2 1 1e-05 1e-05 0.99995 1e-05 1e-05 1e-05
YamnayaLike RISE546.SG 0 0 1 1 1e-05 1e-05 0.99995 1e-05 1e-05 1e-05
YamnayaLike RISE547.SG 0 0 1 1 1e-05 1e-05 0.99995 1e-05 1e-05 1e-05
YamnayaLike RISE548.SG 0 0 1 1 1e-05 1e-05 0.99995 1e-05 1e-05 1e-05
YamnayaLike RISE550.SG 0 0 1 1 1e-05 1e-05 0.99995 1e-05 1e-05 1e-05
YamnayaLike RISE552.SG 0 0 1 1 1e-05 1e-05 0.99995 1e-05 1e-05 1e-05
EarlyFarmers I0025 0 0 2 1 1e-05 0.99995 1e-05 1e-05 1e-05 1e-05
YamnayaLike I0374 0 0 1 1 1e-05 1e-05 0.99995 1e-05 1e-05 1e-05
YamnayaLike I0443 0 0 1 1 1e-05 1e-05 0.99995 1e-05 1e-05 1e-05
EarlyFarmers I0726 0 0 2 1 1e-05 0.99995 1e-05 1e-05 1e-05 1e-05
EarlyFarmers NE6.SG 0 0 1 1 1e-05 0.99995 1e-05 1e-05 1e-05 1e-05
HG Villabruna 0 0 1 1 1e-05 1e-05 1e-05 0.99995 1e-05 1e-05
EarlyFarmers I1893 0 0 1 1 1e-05 0.99995 1e-05 1e-05 1e-05 1e-05
EarlyFarmers I1904 0 0 1 1 1e-05 0.99995 1e-05 1e-05 1e-05 1e-05
HG I1565 0 0 1 1 1e-05 1e-05 1e-05 0.99995 1e-05 1e-05
EarlyFarmers I1885 0 0 2 1 1e-05 0.99995 1e-05 1e-05 1e-05 1e-05
YamnayaLike I2105 0 0 2 1 1e-05 1e-05 0.99995 1e-05 1e-05 1e-05
HG I2158_published 0 0 2 1 1e-05 1e-05 1e-05 0.99995 1e-05 1e-05
EarlyFarmers I2352 0 0 1 1 1e-05 0.99995 1e-05 1e-05 1e-05 1e-05
EarlyFarmers I2374 0 0 1 1 1e-05 0.99995 1e-05 1e-05 1e-05 1e-05
HG Bichon.SG 0 0 1 1 1e-05 1e-05 1e-05 0.99995 1e-05 1e-05
IranN/CHG KK1.SG 0 0 1 1 0.99995 1e-05 1e-05 1e-05 1e-05 1e-05
IranN/CHG SATP.SG 0 0 1 1 0.99995 1e-05 1e-05 1e-05 1e-05 1e-05
EarlyFarmers I2373_all 0 0 2 1 1e-05 0.99995 1e-05 1e-05 1e-05 1e-05
EarlyFarmers I2014 0 0 1 1 1e-05 0.99995 1e-05 1e-05 1e-05 1e-05
EarlyFarmers I2022 0 0 2 1 1e-05 0.99995 1e-05 1e-05 1e-05 1e-05
YamnayaLike I3141_published 0 0 2 1 1e-05 1e-05 0.99995 1e-05 1e-05 1e-05
EarlyFarmers I3879 0 0 1 1 1e-05 0.99995 1e-05 1e-05 1e-05 1e-05
EarlyFarmers I3948 0 0 1 1 1e-05 0.99995 1e-05 1e-05 1e-05 1e-05
EarlyFarmers I3536 0 0 2 1 1e-05 0.99995 1e-05 1e-05 1e-05 1e-05
EarlyFarmers I4183 0 0 1 1 1e-05 0.99995 1e-05 1e-05 1e-05 1e-05
EarlyFarmers I4184 0 0 2 1 1e-05 0.99995 1e-05 1e-05 1e-05 1e-05
EarlyFarmers I4196 0 0 2 1 1e-05 0.99995 1e-05 1e-05 1e-05 1e-05
EarlyFarmers I1887 0 0 1 1 1e-05 0.99995 1e-05 1e-05 1e-05 1e-05
EarlyFarmers I1889 0 0 1 1 1e-05 0.99995 1e-05 1e-05 1e-05 1e-05
EarlyFarmers I1894 0 0 2 1 1e-05 0.99995 1e-05 1e-05 1e-05 1e-05
EarlyFarmers I1900 0 0 1 1 1e-05 0.99995 1e-05 1e-05 1e-05 1e-05
EarlyFarmers I2509 0 0 2 1 1e-05 0.99995 1e-05 1e-05 1e-05 1e-05
EarlyFarmers I2519 0 0 2 1 1e-05 0.99995 1e-05 1e-05 1e-05 1e-05
EarlyFarmers I2532 0 0 1 1 1e-05 0.99995 1e-05 1e-05 1e-05 1e-05
EarlyFarmers I2533 0 0 2 1 1e-05 0.99995 1e-05 1e-05 1e-05 1e-05
EarlyFarmers I2754 0 0 1 1 1e-05 0.99995 1e-05 1e-05 1e-05 1e-05
EarlyFarmers I2763 0 0 2 1 1e-05 0.99995 1e-05 1e-05 1e-05 1e-05
HG Latvia_HG2.SG 0 0 1 1 1e-05 1e-05 1e-05 0.99995 1e-05 1e-05
HG Latvia_MN1.SG 0 0 1 1 1e-05 1e-05 1e-05 0.99995 1e-05 1e-05
HG Latvia_HG3.SG 0 0 1 1 1e-05 1e-05 1e-05 0.99995 1e-05 1e-05
HG Latvia_HG1.SG 0 0 2 1 1e-05 1e-05 1e-05 0.99995 1e-05 1e-05
HG I4432 0 0 1 1 1e-05 1e-05 1e-05 0.99995 1e-05 1e-05
HG I4434 0 0 1 1 1e-05 1e-05 1e-05 0.99995 1e-05 1e-05
HG I4437 0 0 2 1 1e-05 1e-05 1e-05 0.99995 1e-05 1e-05
HG I4438 0 0 1 1 1e-05 1e-05 1e-05 0.99995 1e-05 1e-05
HG I4439 0 0 1 1 1e-05 1e-05 1e-05 0.99995 1e-05 1e-05
HG I4440 0 0 1 1 1e-05 1e-05 1e-05 0.99995 1e-05 1e-05
HG I4441 0 0 1 1 1e-05 1e-05 1e-05 0.99995 1e-05 1e-05
HG I4550 0 0 1 1 1e-05 1e-05 1e-05 0.99995 1e-05 1e-05
HG I4551 0 0 1 1 1e-05 1e-05 1e-05 0.99995 1e-05 1e-05
HG I4552 0 0 2 1 1e-05 1e-05 1e-05 0.99995 1e-05 1e-05
HG I4553 0 0 1 1 1e-05 1e-05 1e-05 0.99995 1e-05 1e-05
HG I4626 0 0 1 1 1e-05 1e-05 1e-05 0.99995 1e-05 1e-05
HG I4627 0 0 1 1 1e-05 1e-05 1e-05 0.99995 1e-05 1e-05
HG I4628 0 0 1 1 1e-05 1e-05 1e-05 0.99995 1e-05 1e-05
HG I4655_published 0 0 1 1 1e-05 1e-05 1e-05 0.99995 1e-05 1e-05
HG I4657_published 0 0 2 1 1e-05 1e-05 1e-05 0.99995 1e-05 1e-05
YRI.SG NA18486.SG 0 0 1 1 1e-05 1e-05 1e-05 1e-05 0.99995 1e-05
YRI.SG NA18488.SG 0 0 2 1 1e-05 1e-05 1e-05 1e-05 0.99995 1e-05
YRI.SG NA18489.SG 0 0 2 1 1e-05 1e-05 1e-05 1e-05 0.99995 1e-05
YRI.SG NA18498.SG 0 0 1 1 1e-05 1e-05 1e-05 1e-05 0.99995 1e-05
YRI.SG NA18499.SG 0 0 2 1 1e-05 1e-05 1e-05 1e-05 0.99995 1e-05
YRI.SG NA18501.SG 0 0 1 1 1e-05 1e-05 1e-05 1e-05 0.99995 1e-05
YRI.SG NA18502.SG 0 0 2 1 1e-05 1e-05 1e-05 1e-05 0.99995 1e-05
YRI.SG NA18504.SG 0 0 1 1 1e-05 1e-05 1e-05 1e-05 0.99995 1e-05
YRI.SG NA18505.SG 0 0 2 1 1e-05 1e-05 1e-05 1e-05 0.99995 1e-05
YRI.SG NA18507.SG 0 0 1 1 1e-05 1e-05 1e-05 1e-05 0.99995 1e-05
YRI.SG NA18508.SG 0 0 2 1 1e-05 1e-05 1e-05 1e-05 0.99995 1e-05
YRI.SG NA18510.SG 0 0 1 1 1e-05 1e-05 1e-05 1e-05 0.99995 1e-05
YRI.SG NA18511.SG 0 0 2 1 1e-05 1e-05 1e-05 1e-05 0.99995 1e-05
YRI.SG NA18516.SG 0 0 1 1 1e-05 1e-05 1e-05 1e-05 0.99995 1e-05
YRI.SG NA18517.SG 0 0 2 1 1e-05 1e-05 1e-05 1e-05 0.99995 1e-05
YRI.SG NA18519.SG 0 0 1 1 1e-05 1e-05 1e-05 1e-05 0.99995 1e-05
YRI.SG NA18520.SG 0 0 2 1 1e-05 1e-05 1e-05 1e-05 0.99995 1e-05
YRI.SG NA18522.SG 0 0 1 1 1e-05 1e-05 1e-05 1e-05 0.99995 1e-05
YRI.SG NA18523.SG 0 0 2 1 1e-05 1e-05 1e-05 1e-05 0.99995 1e-05
CHB.SG NA18525.SG 0 0 2 1 1e-05 1e-05 1e-05 1e-05 1e-05 0.99995
CHB.SG NA18526.SG 0 0 2 1 1e-05 1e-05 1e-05 1e-05 1e-05 0.99995
CHB.SG NA18528.SG 0 0 2 1 1e-05 1e-05 1e-05 1e-05 1e-05 0.99995
CHB.SG NA18530.SG 0 0 1 1 1e-05 1e-05 1e-05 1e-05 1e-05 0.99995
CHB.SG NA18531.SG 0 0 2 1 1e-05 1e-05 1e-05 1e-05 1e-05 0.99995
CHB.SG NA18532.SG 0 0 2 1 1e-05 1e-05 1e-05 1e-05 1e-05 0.99995
CHB.SG NA18533.SG 0 0 2 1 1e-05 1e-05 1e-05 1e-05 1e-05 0.99995
CHB.SG NA18534.SG 0 0 1 1 1e-05 1e-05 1e-05 1e-05 1e-05 0.99995
CHB.SG NA18535.SG 0 0 2 1 1e-05 1e-05 1e-05 1e-05 1e-05 0.99995
CHB.SG NA18536.SG 0 0 1 1 1e-05 1e-05 1e-05 1e-05 1e-05 0.99995
CHB.SG NA18537.SG 0 0 2 1 1e-05 1e-05 1e-05 1e-05 1e-05 0.99995
CHB.SG NA18538.SG 0 0 2 1 1e-05 1e-05 1e-05 1e-05 1e-05 0.99995
CHB.SG NA18539.SG 0 0 2 1 1e-05 1e-05 1e-05 1e-05 1e-05 0.99995
CHB.SG NA18541.SG 0 0 2 1 1e-05 1e-05 1e-05 1e-05 1e-05 0.99995
CHB.SG NA18542.SG 0 0 2 1 1e-05 1e-05 1e-05 1e-05 1e-05 0.99995
CHB.SG NA18543.SG 0 0 1 1 1e-05 1e-05 1e-05 1e-05 1e-05 0.99995
CHB.SG NA18544.SG 0 0 1 1 1e-05 1e-05 1e-05 1e-05 1e-05 0.99995
CHB.SG NA18545.SG 0 0 2 1 1e-05 1e-05 1e-05 1e-05 1e-05 0.99995
CHB.SG NA18546.SG 0 0 1 1 1e-05 1e-05 1e-05 1e-05 1e-05 0.99995
CHB.SG NA18547.SG 0 0 2 1 1e-05 1e-05 1e-05 1e-05 1e-05 0.99995
CHB.SG NA18548.SG 0 0 1 1 1e-05 1e-05 1e-05 1e-05 1e-05 0.99995
CHB.SG NA18549.SG 0 0 1 1 1e-05 1e-05 1e-05 1e-05 1e-05 0.99995
CHB.SG NA18550.SG 0 0 2 1 1e-05 1e-05 1e-05 1e-05 1e-05 0.99995
CHB.SG NA18552.SG 0 0 2 1 1e-05 1e-05 1e-05 1e-05 1e-05 0.99995
CHB.SG NA18553.SG 0 0 2 1 1e-05 1e-05 1e-05 1e-05 1e-05 0.99995
CHB.SG NA18555.SG 0 0 2 1 1e-05 1e-05 1e-05 1e-05 1e-05 0.99995
CHB.SG NA18557.SG 0 0 1 1 1e-05 1e-05 1e-05 1e-05 1e-05 0.99995
CHB.SG NA18558.SG 0 0 1 1 1e-05 1e-05 1e-05 1e-05 1e-05 0.99995
CHB.SG NA18559.SG 0 0 1 1 1e-05 1e-05 1e-05 1e-05 1e-05 0.99995
CHB.SG NA18560.SG 0 0 2 1 1e-05 1e-05 1e-05 1e-05 1e-05 0.99995
CHB.SG NA18561.SG 0 0 1 1 1e-05 1e-05 1e-05 1e-05 1e-05 0.99995
CHB.SG NA18562.SG 0 0 1 1 1e-05 1e-05 1e-05 1e-05 1e-05 0.99995
CHB.SG NA18563.SG 0 0 1 1 1e-05 1e-05 1e-05 1e-05 1e-05 0.99995
CHB.SG NA18564.SG 0 0 2 1 1e-05 1e-05 1e-05 1e-05 1e-05 0.99995
CHB.SG NA18565.SG 0 0 2 1 1e-05 1e-05 1e-05 1e-05 1e-05 0.99995
CHB.SG NA18566.SG 0 0 2 1 1e-05 1e-05 1e-05 1e-05 1e-05 0.99995
CHB.SG NA18567.SG 0 0 2 1 1e-05 1e-05 1e-05 1e-05 1e-05 0.99995
CHB.SG NA18570.SG 0 0 2 1 1e-05 1e-05 1e-05 1e-05 1e-05 0.99995
CHB.SG NA18571.SG 0 0 2 1 1e-05 1e-05 1e-05 1e-05 1e-05 0.99995
CHB.SG NA18572.SG 0 0 1 1 1e-05 1e-05 1e-05 1e-05 1e-05 0.99995
CHB.SG NA18573.SG 0 0 2 1 1e-05 1e-05 1e-05 1e-05 1e-05 0.99995
CHB.SG NA18574.SG 0 0 2 1 1e-05 1e-05 1e-05 1e-05 1e-05 0.99995
CHB.SG NA18577.SG 0 0 2 1 1e-05 1e-05 1e-05 1e-05 1e-05 0.99995
CHB.SG NA18579.SG 0 0 2 1 1e-05 1e-05 1e-05 1e-05 1e-05 0.99995
CHB.SG NA18582.SG 0 0 2 1 1e-05 1e-05 1e-05 1e-05 1e-05 0.99995
CHB.SG NA18591.SG 0 0 2 1 1e-05 1e-05 1e-05 1e-05 1e-05 0.99995
CHB.SG NA18592.SG 0 0 2 1 1e-05 1e-05 1e-05 1e-05 1e-05 0.99995
CHB.SG NA18593.SG 0 0 2 1 1e-05 1e-05 1e-05 1e-05 1e-05 0.99995
CHB.SG NA18595.SG 0 0 2 1 1e-05 1e-05 1e-05 1e-05 1e-05 0.99995
CHB.SG NA18596.SG 0 0 2 1 1e-05 1e-05 1e-05 1e-05 1e-05 0.99995
CHB.SG NA18597.SG 0 0 2 1 1e-05 1e-05 1e-05 1e-05 1e-05 0.99995
CHB.SG NA18599.SG 0 0 2 1 1e-05 1e-05 1e-05 1e-05 1e-05 0.99995
CHB.SG NA18602.SG 0 0 2 1 1e-05 1e-05 1e-05 1e-05 1e-05 0.99995
CHB.SG NA18603.SG 0 0 1 1 1e-05 1e-05 1e-05 1e-05 1e-05 0.99995
CHB.SG NA18605.SG 0 0 1 1 1e-05 1e-05 1e-05 1e-05 1e-05 0.99995
CHB.SG NA18606.SG 0 0 1 1 1e-05 1e-05 1e-05 1e-05 1e-05 0.99995
CHB.SG NA18608.SG 0 0 1 1 1e-05 1e-05 1e-05 1e-05 1e-05 0.99995
CHB.SG NA18609.SG 0 0 1 1 1e-05 1e-05 1e-05 1e-05 1e-05 0.99995
CHB.SG NA18610.SG 0 0 2 1 1e-05 1e-05 1e-05 1e-05 1e-05 0.99995
CHB.SG NA18611.SG 0 0 1 1 1e-05 1e-05 1e-05 1e-05 1e-05 0.99995
CHB.SG NA18612.SG 0 0 1 1 1e-05 1e-05 1e-05 1e-05 1e-05 0.99995
CHB.SG NA18613.SG 0 0 1 1 1e-05 1e-05 1e-05 1e-05 1e-05 0.99995
CHB.SG NA18614.SG 0 0 2 1 1e-05 1e-05 1e-05 1e-05 1e-05 0.99995
CHB.SG NA18615.SG 0 0 2 1 1e-05 1e-05 1e-05 1e-05 1e-05 0.99995
CHB.SG NA18616.SG 0 0 2 1 1e-05 1e-05 1e-05 1e-05 1e-05 0.99995
CHB.SG NA18617.SG 0 0 2 1 1e-05 1e-05 1e-05 1e-05 1e-05 0.99995
CHB.SG NA18618.SG 0 0 2 1 1e-05 1e-05 1e-05 1e-05 1e-05 0.99995
CHB.SG NA18619.SG 0 0 2 1 1e-05 1e-05 1e-05 1e-05 1e-05 0.99995
CHB.SG NA18620.SG 0 0 1 1 1e-05 1e-05 1e-05 1e-05 1e-05 0.99995
CHB.SG NA18621.SG 0 0 1 1 1e-05 1e-05 1e-05 1e-05 1e-05 0.99995
CHB.SG NA18622.SG 0 0 1 1 1e-05 1e-05 1e-05 1e-05 1e-05 0.99995
CHB.SG NA18623.SG 0 0 1 1 1e-05 1e-05 1e-05 1e-05 1e-05 0.99995
CHB.SG NA18624.SG 0 0 1 1 1e-05 1e-05 1e-05 1e-05 1e-05 0.99995
CHB.SG NA18625.SG 0 0 2 1 1e-05 1e-05 1e-05 1e-05 1e-05 0.99995
CHB.SG NA18626.SG 0 0 2 1 1e-05 1e-05 1e-05 1e-05 1e-05 0.99995
CHB.SG NA18627.SG 0 0 2 1 1e-05 1e-05 1e-05 1e-05 1e-05 0.99995
CHB.SG NA18628.SG 0 0 2 1 1e-05 1e-05 1e-05 1e-05 1e-05 0.99995
CHB.SG NA18629.SG 0 0 1 1 1e-05 1e-05 1e-05 1e-05 1e-05 0.99995
CHB.SG NA18630.SG 0 0 2 1 1e-05 1e-05 1e-05 1e-05 1e-05 0.99995
CHB.SG NA18631.SG 0 0 2 1 1e-05 1e-05 1e-05 1e-05 1e-05 0.99995
CHB.SG NA18632.SG 0 0 1 1 1e-05 1e-05 1e-05 1e-05 1e-05 0.99995
CHB.SG NA18633.SG 0 0 1 1 1e-05 1e-05 1e-05 1e-05 1e-05 0.99995
CHB.SG NA18634.SG 0 0 2 1 1e-05 1e-05 1e-05 1e-05 1e-05 0.99995
CHB.SG NA18635.SG 0 0 1 1 1e-05 1e-05 1e-05 1e-05 1e-05 0.99995
CHB.SG NA18636.SG 0 0 1 1 1e-05 1e-05 1e-05 1e-05 1e-05 0.99995
CHB.SG NA18637.SG 0 0 1 1 1e-05 1e-05 1e-05 1e-05 1e-05 0.99995
CHB.SG NA18638.SG 0 0 1 1 1e-05 1e-05 1e-05 1e-05 1e-05 0.99995
CHB.SG NA18639.SG 0 0 1 1 1e-05 1e-05 1e-05 1e-05 1e-05 0.99995
CHB.SG NA18640.SG 0 0 2 1 1e-05 1e-05 1e-05 1e-05 1e-05 0.99995
CHB.SG NA18641.SG 0 0 2 1 1e-05 1e-05 1e-05 1e-05 1e-05 0.99995
CHB.SG NA18642.SG 0 0 2 1 1e-05 1e-05 1e-05 1e-05 1e-05 0.99995
CHB.SG NA18643.SG 0 0 1 1 1e-05 1e-05 1e-05 1e-05 1e-05 0.99995
CHB.SG NA18644.SG 0 0 2 1 1e-05 1e-05 1e-05 1e-05 1e-05 0.99995
CHB.SG NA18645.SG 0 0 1 1 1e-05 1e-05 1e-05 1e-05 1e-05 0.99995
CHB.SG NA18646.SG 0 0 2 1 1e-05 1e-05 1e-05 1e-05 1e-05 0.99995
CHB.SG NA18647.SG 0 0 1 1 1e-05 1e-05 1e-05 1e-05 1e-05 0.99995
CHB.SG NA18648.SG 0 0 1 1 1e-05 1e-05 1e-05 1e-05 1e-05 0.99995
CHB.SG NA18740.SG 0 0 1 1 1e-05 1e-05 1e-05 1e-05 1e-05 0.99995
CHB.SG NA18745.SG 0 0 1 1 1e-05 1e-05 1e-05 1e-05 1e-05 0.99995
CHB.SG NA18747.SG 0 0 1 1 1e-05 1e-05 1e-05 1e-05 1e-05 0.99995
CHB.SG NA18748.SG 0 0 1 1 1e-05 1e-05 1e-05 1e-05 1e-05 0.99995
CHB.SG NA18749.SG 0 0 1 1 1e-05 1e-05 1e-05 1e-05 1e-05 0.99995
CHB.SG NA18757.SG 0 0 1 1 1e-05 1e-05 1e-05 1e-05 1e-05 0.99995
YRI.SG NA18853.SG 0 0 1 1 1e-05 1e-05 1e-05 1e-05 0.99995 1e-05
YRI.SG NA18856.SG 0 0 1 1 1e-05 1e-05 1e-05 1e-05 0.99995 1e-05
YRI.SG NA18858.SG 0 0 2 1 1e-05 1e-05 1e-05 1e-05 0.99995 1e-05
YRI.SG NA18861.SG 0 0 2 1 1e-05 1e-05 1e-05 1e-05 0.99995 1e-05
YRI.SG NA18864.SG 0 0 2 1 1e-05 1e-05 1e-05 1e-05 0.99995 1e-05
YRI.SG NA18865.SG 0 0 1 1 1e-05 1e-05 1e-05 1e-05 0.99995 1e-05
YRI.SG NA18867.SG 0 0 2 1 1e-05 1e-05 1e-05 1e-05 0.99995 1e-05
YRI.SG NA18868.SG 0 0 1 1 1e-05 1e-05 1e-05 1e-05 0.99995 1e-05
YRI.SG NA18870.SG 0 0 2 1 1e-05 1e-05 1e-05 1e-05 0.99995 1e-05
YRI.SG NA18871.SG 0 0 1 1 1e-05 1e-05 1e-05 1e-05 0.99995 1e-05
YRI.SG NA18873.SG 0 0 2 1 1e-05 1e-05 1e-05 1e-05 0.99995 1e-05
YRI.SG NA18874.SG 0 0 1 1 1e-05 1e-05 1e-05 1e-05 0.99995 1e-05
YRI.SG NA18876.SG 0 0 2 1 1e-05 1e-05 1e-05 1e-05 0.99995 1e-05
YRI.SG NA18877.SG 0 0 1 1 1e-05 1e-05 1e-05 1e-05 0.99995 1e-05
YRI.SG NA18878.SG 0 0 2 1 1e-05 1e-05 1e-05 1e-05 0.99995 1e-05
YRI.SG NA18879.SG 0 0 1 1 1e-05 1e-05 1e-05 1e-05 0.99995 1e-05
YRI.SG NA18881.SG 0 0 2 1 1e-05 1e-05 1e-05 1e-05 0.99995 1e-05
YRI.SG NA18907.SG 0 0 2 1 1e-05 1e-05 1e-05 1e-05 0.99995 1e-05
YRI.SG NA18908.SG 0 0 1 1 1e-05 1e-05 1e-05 1e-05 0.99995 1e-05
YRI.SG NA18909.SG 0 0 2 1 1e-05 1e-05 1e-05 1e-05 0.99995 1e-05
YRI.SG NA18910.SG 0 0 1 1 1e-05 1e-05 1e-05 1e-05 0.99995 1e-05
YRI.SG NA18912.SG 0 0 2 1 1e-05 1e-05 1e-05 1e-05 0.99995 1e-05
YRI.SG NA18915.SG 0 0 1 1 1e-05 1e-05 1e-05 1e-05 0.99995 1e-05
YRI.SG NA18916.SG 0 0 2 1 1e-05 1e-05 1e-05 1e-05 0.99995 1e-05
YRI.SG NA18917.SG 0 0 1 1 1e-05 1e-05 1e-05 1e-05 0.99995 1e-05
YRI.SG NA18923.SG 0 0 1 1 1e-05 1e-05 1e-05 1e-05 0.99995 1e-05
YRI.SG NA18924.SG 0 0 2 1 1e-05 1e-05 1e-05 1e-05 0.99995 1e-05
YRI.SG NA18933.SG 0 0 2 1 1e-05 1e-05 1e-05 1e-05 0.99995 1e-05
YRI.SG NA18934.SG 0 0 1 1 1e-05 1e-05 1e-05 1e-05 0.99995 1e-05
YRI.SG NA19092.SG 0 0 1 1 1e-05 1e-05 1e-05 1e-05 0.99995 1e-05
YRI.SG NA19093.SG 0 0 2 1 1e-05 1e-05 1e-05 1e-05 0.99995 1e-05
YRI.SG NA19095.SG 0 0 2 1 1e-05 1e-05 1e-05 1e-05 0.99995 1e-05
YRI.SG NA19096.SG 0 0 1 1 1e-05 1e-05 1e-05 1e-05 0.99995 1e-05
YRI.SG NA19098.SG 0 0 1 1 1e-05 1e-05 1e-05 1e-05 0.99995 1e-05
YRI.SG NA19099.SG 0 0 2 1 1e-05 1e-05 1e-05 1e-05 0.99995 1e-05
YRI.SG NA19102.SG 0 0 2 1 1e-05 1e-05 1e-05 1e-05 0.99995 1e-05
YRI.SG NA19107.SG 0 0 1 1 1e-05 1e-05 1e-05 1e-05 0.99995 1e-05
YRI.SG NA19108.SG 0 0 2 1 1e-05 1e-05 1e-05 1e-05 0.99995 1e-05
YRI.SG NA19113.SG 0 0 1 1 1e-05 1e-05 1e-05 1e-05 0.99995 1e-05
YRI.SG NA19114.SG 0 0 2 1 1e-05 1e-05 1e-05 1e-05 0.99995 1e-05
YRI.SG NA19116.SG 0 0 2 1 1e-05 1e-05 1e-05 1e-05 0.99995 1e-05
YRI.SG NA19117.SG 0 0 1 1 1e-05 1e-05 1e-05 1e-05 0.99995 1e-05
YRI.SG NA19118.SG 0 0 2 1 1e-05 1e-05 1e-05 1e-05 0.99995 1e-05
YRI.SG NA19119.SG 0 0 1 1 1e-05 1e-05 1e-05 1e-05 0.99995 1e-05
YRI.SG NA19121.SG 0 0 1 1 1e-05 1e-05 1e-05 1e-05 0.99995 1e-05
YRI.SG NA19129.SG 0 0 2 1 1e-05 1e-05 1e-05 1e-05 0.99995 1e-05
YRI.SG NA19130.SG 0 0 1 1 1e-05 1e-05 1e-05 1e-05 0.99995 1e-05
YRI.SG NA19131.SG 0 0 2 1 1e-05 1e-05 1e-05 1e-05 0.99995 1e-05
YRI.SG NA19137.SG 0 0 2 1 1e-05 1e-05 1e-05 1e-05 0.99995 1e-05
YRI.SG NA19138.SG 0 0 1 1 1e-05 1e-05 1e-05 1e-05 0.99995 1e-05
YRI.SG NA19141.SG 0 0 1 1 1e-05 1e-05 1e-05 1e-05 0.99995 1e-05
YRI.SG NA19143.SG 0 0 2 1 1e-05 1e-05 1e-05 1e-05 0.99995 1e-05
YRI.SG NA19144.SG 0 0 1 1 1e-05 1e-05 1e-05 1e-05 0.99995 1e-05
YRI.SG NA19146.SG 0 0 1 1 1e-05 1e-05 1e-05 1e-05 0.99995 1e-05
YRI.SG NA19147.SG 0 0 2 1 1e-05 1e-05 1e-05 1e-05 0.99995 1e-05
YRI.SG NA19149.SG 0 0 2 1 1e-05 1e-05 1e-05 1e-05 0.99995 1e-05
YRI.SG NA19152.SG 0 0 2 1 1e-05 1e-05 1e-05 1e-05 0.99995 1e-05
YRI.SG NA19153.SG 0 0 1 1 1e-05 1e-05 1e-05 1e-05 0.99995 1e-05
YRI.SG NA19159.SG 0 0 2 1 1e-05 1e-05 1e-05 1e-05 0.99995 1e-05
YRI.SG NA19160.SG 0 0 1 1 1e-05 1e-05 1e-05 1e-05 0.99995 1e-05
YRI.SG NA19171.SG 0 0 1 1 1e-05 1e-05 1e-05 1e-05 0.99995 1e-05
YRI.SG NA19172.SG 0 0 2 1 1e-05 1e-05 1e-05 1e-05 0.99995 1e-05
YRI.SG NA19175.SG 0 0 1 1 1e-05 1e-05 1e-05 1e-05 0.99995 1e-05
YRI.SG NA19184.SG 0 0 1 1 1e-05 1e-05 1e-05 1e-05 0.99995 1e-05
YRI.SG NA19185.SG 0 0 2 1 1e-05 1e-05 1e-05 1e-05 0.99995 1e-05
YRI.SG NA19189.SG 0 0 1 1 1e-05 1e-05 1e-05 1e-05 0.99995 1e-05
YRI.SG NA19190.SG 0 0 2 1 1e-05 1e-05 1e-05 1e-05 0.99995 1e-05
YRI.SG NA19197.SG 0 0 2 1 1e-05 1e-05 1e-05 1e-05 0.99995 1e-05
YRI.SG NA19198.SG 0 0 1 1 1e-05 1e-05 1e-05 1e-05 0.99995 1e-05
YRI.SG NA19200.SG 0 0 1 1 1e-05 1e-05 1e-05 1e-05 0.99995 1e-05
YRI.SG NA19201.SG 0 0 2 1 1e-05 1e-05 1e-05 1e-05 0.99995 1e-05
YRI.SG NA19204.SG 0 0 2 1 1e-05 1e-05 1e-05 1e-05 0.99995 1e-05
YRI.SG NA19206.SG 0 0 2 1 1e-05 1e-05 1e-05 1e-05 0.99995 1e-05
YRI.SG NA19207.SG 0 0 1 1 1e-05 1e-05 1e-05 1e-05 0.99995 1e-05
YRI.SG NA19209.SG 0 0 2 1 1e-05 1e-05 1e-05 1e-05 0.99995 1e-05
YRI.SG NA19210.SG 0 0 1 1 1e-05 1e-05 1e-05 1e-05 0.99995 1e-05
YRI.SG NA19213.SG 0 0 1 1 1e-05 1e-05 1e-05 1e-05 0.99995 1e-05
YRI.SG NA19214.SG 0 0 2 1 1e-05 1e-05 1e-05 1e-05 0.99995 1e-05
YRI.SG NA19222.SG 0 0 2 1 1e-05 1e-05 1e-05 1e-05 0.99995 1e-05
YRI.SG NA19223.SG 0 0 1 1 1e-05 1e-05 1e-05 1e-05 0.99995 1e-05
YRI.SG NA19225.SG 0 0 2 1 1e-05 1e-05 1e-05 1e-05 0.99995 1e-05
YRI.SG NA19235.SG 0 0 2 1 1e-05 1e-05 1e-05 1e-05 0.99995 1e-05
YRI.SG NA19236.SG 0 0 1 1 1e-05 1e-05 1e-05 1e-05 0.99995 1e-05
YRI.SG NA19238.SG 0 0 2 1 1e-05 1e-05 1e-05 1e-05 0.99995 1e-05
YRI.SG NA19239.SG 0 0 1 1 1e-05 1e-05 1e-05 1e-05 0.99995 1e-05
YRI.SG NA19240.SG 0 0 2 1 1e-05 1e-05 1e-05 1e-05 0.99995 1e-05
YRI.SG NA19247.SG 0 0 2 1 1e-05 1e-05 1e-05 1e-05 0.99995 1e-05
YRI.SG NA19248.SG 0 0 1 1 1e-05 1e-05 1e-05 1e-05 0.99995 1e-05
YRI.SG NA19256.SG 0 0 1 1 1e-05 1e-05 1e-05 1e-05 0.99995 1e-05
YRI.SG NA19257.SG 0 0 2 1 1e-05 1e-05 1e-05 1e-05 0.99995 1e-05
EarlyFarmers I0704_published 0 0 2 1 1e-05 0.99995 1e-05 1e-05 1e-05 1e-05
EarlyFarmers I2423 0 0 2 1 1e-05 0.99995 1e-05 1e-05 1e-05 1e-05
EarlyFarmers I2426_published 0 0 1 1 1e-05 0.99995 1e-05 1e-05 1e-05 1e-05
EarlyFarmers I2526 0 0 2 1 1e-05 0.99995 1e-05 1e-05 1e-05 1e-05
EarlyFarmers I0018 0 0 2 1 1e-05 0.99995 1e-05 1e-05 1e-05 1e-05
HG I1875 0 0 2 1 1e-05 1e-05 1e-05 0.99995 1e-05 1e-05
HG I4595 0 0 2 1 1e-05 1e-05 1e-05 0.99995 1e-05 1e-05
HG I4596 0 0 1 1 1e-05 1e-05 1e-05 0.99995 1e-05 1e-05
HG I4632 0 0 2 1 1e-05 1e-05 1e-05 0.99995 1e-05 1e-05
HG I4871 0 0 2 1 1e-05 1e-05 1e-05 0.99995 1e-05 1e-05
HG I4872 0 0 2 1 1e-05 1e-05 1e-05 0.99995 1e-05 1e-05
HG I4873 0 0 2 1 1e-05 1e-05 1e-05 0.99995 1e-05 1e-05
HG I4874 0 0 2 1 1e-05 1e-05 1e-05 0.99995 1e-05 1e-05
HG I4875 0 0 2 1 1e-05 1e-05 1e-05 0.99995 1e-05 1e-05
HG I4876 0 0 2 1 1e-05 1e-05 1e-05 0.99995 1e-05 1e-05
HG I4877 0 0 2 1 1e-05 1e-05 1e-05 0.99995 1e-05 1e-05
HG I4878 0 0 1 1 1e-05 1e-05 1e-05 0.99995 1e-05 1e-05
HG I4880 0 0 1 1 1e-05 1e-05 1e-05 0.99995 1e-05 1e-05
HG I4882 0 0 1 1 1e-05 1e-05 1e-05 0.99995 1e-05 1e-05
HG I4915 0 0 1 1 1e-05 1e-05 1e-05 0.99995 1e-05 1e-05
HG I4916 0 0 1 1 1e-05 1e-05 1e-05 0.99995 1e-05 1e-05
HG I4917 0 0 2 1 1e-05 1e-05 1e-05 0.99995 1e-05 1e-05
HG I4971 0 0 1 1 1e-05 1e-05 1e-05 0.99995 1e-05 1e-05
EarlyFarmers I5069 0 0 2 1 1e-05 0.99995 1e-05 1e-05 1e-05 1e-05
EarlyFarmers I5070 0 0 1 1 1e-05 0.99995 1e-05 1e-05 1e-05 1e-05
EarlyFarmers I5071 0 0 2 1 1e-05 0.99995 1e-05 1e-05 1e-05 1e-05
EarlyFarmers I5072 0 0 1 1 1e-05 0.99995 1e-05 1e-05 1e-05 1e-05
EarlyFarmers I5079 0 0 2 1 1e-05 0.99995 1e-05 1e-05 1e-05 1e-05
HG I5233 0 0 2 1 1e-05 1e-05 1e-05 0.99995 1e-05 1e-05
HG I5234 0 0 2 1 1e-05 1e-05 1e-05 0.99995 1e-05 1e-05
HG I5235 0 0 1 1 1e-05 1e-05 1e-05 0.99995 1e-05 1e-05
HG I5236 0 0 1 1 1e-05 1e-05 1e-05 0.99995 1e-05 1e-05
HG I5237 0 0 1 1 1e-05 1e-05 1e-05 0.99995 1e-05 1e-05
HG I5238 0 0 2 1 1e-05 1e-05 1e-05 0.99995 1e-05 1e-05
HG I5239 0 0 2 1 1e-05 1e-05 1e-05 0.99995 1e-05 1e-05
HG I5240 0 0 1 1 1e-05 1e-05 1e-05 0.99995 1e-05 1e-05
HG I5241 0 0 2 1 1e-05 1e-05 1e-05 0.99995 1e-05 1e-05
HG I5242 0 0 2 1 1e-05 1e-05 1e-05 0.99995 1e-05 1e-05
HG I5244 0 0 2 1 1e-05 1e-05 1e-05 0.99995 1e-05 1e-05
EarlyFarmers I5205 0 0 2 1 1e-05 0.99995 1e-05 1e-05 1e-05 1e-05
EarlyFarmers I5206 0 0 2 1 1e-05 0.99995 1e-05 1e-05 1e-05 1e-05
HG I5771 0 0 1 1 1e-05 1e-05 1e-05 0.99995 1e-05 1e-05
HG I5772 0 0 1 1 1e-05 1e-05 1e-05 0.99995 1e-05 1e-05
HG I5773_published 0 0 1 1 1e-05 1e-05 1e-05 0.99995 1e-05 1e-05
EarlyFarmers I2521 0 0 1 1 1e-05 0.99995 1e-05 1e-05 1e-05 1e-05
EarlyFarmers I2529_published 0 0 1 1 1e-05 0.99995 1e-05 1e-05 1e-05 1e-05
EarlyFarmers I2937_all 0 0 2 1 1e-05 0.99995 1e-05 1e-05 1e-05 1e-05
EarlyFarmers I4936_published 0 0 2 1 1e-05 0.99995 1e-05 1e-05 1e-05 1e-05
EarlyFarmers I5208 0 0 2 1 1e-05 0.99995 1e-05 1e-05 1e-05 1e-05
HG I5401 0 0 1 1 1e-05 1e-05 1e-05 0.99995 1e-05 1e-05
HG I5402 0 0 1 1 1e-05 1e-05 1e-05 0.99995 1e-05 1e-05
EarlyFarmers I5405 0 0 2 1 1e-05 0.99995 1e-05 1e-05 1e-05 1e-05
HG I5407 0 0 2 1 1e-05 1e-05 1e-05 0.99995 1e-05 1e-05
HG I5408 0 0 1 1 1e-05 1e-05 1e-05 0.99995 1e-05 1e-05
HG I5411 0 0 1 1 1e-05 1e-05 1e-05 0.99995 1e-05 1e-05
EarlyFarmers I5427 0 0 2 1 1e-05 0.99995 1e-05 1e-05 1e-05 1e-05
EarlyFarmers I0698_published 0 0 1 1 1e-05 0.99995 1e-05 1e-05 1e-05 1e-05
HG Canes.SG 0 0 2 1 1e-05 1e-05 1e-05 0.99995 1e-05 1e-05
HG M95.SG 0 0 1 1 1e-05 1e-05 1e-05 0.99995 1e-05 1e-05
HG M96.SG 0 0 1 1 1e-05 1e-05 1e-05 0.99995 1e-05 1e-05
HG OC.SG 0 0 1 1 1e-05 1e-05 1e-05 0.99995 1e-05 1e-05
EarlyFarmers I3708 0 0 2 1 1e-05 0.99995 1e-05 1e-05 1e-05 1e-05
EarlyFarmers I3709 0 0 2 1 1e-05 0.99995 1e-05 1e-05 1e-05 1e-05
HG I4582 0 0 2 1 1e-05 1e-05 1e-05 0.99995 1e-05 1e-05
EarlyFarmers I2318 0 0 2 1 1e-05 0.99995 1e-05 1e-05 1e-05 1e-05
EarlyFarmers I2937 0 0 2 1 1e-05 0.99995 1e-05 1e-05 1e-05 1e-05
HG I4607 0 0 1 1 1e-05 1e-05 1e-05 0.99995 1e-05 1e-05
EarlyFarmers I3920 0 0 2 1 1e-05 0.99995 1e-05 1e-05 1e-05 1e-05
HG I4660 0 0 2 1 1e-05 1e-05 1e-05 0.99995 1e-05 1e-05
HG I4870 0 0 1 1 1e-05 1e-05 1e-05 0.99995 1e-05 1e-05
HG Chaudardes1_published_d 0 0 1 1 1e-05 1e-05 1e-05 0.99995 1e-05 1e-05
HG Donkalnis4 0 0 1 1 1e-05 1e-05 1e-05 0.99995 1e-05 1e-05
HG Donkalnis6 0 0 2 1 1e-05 1e-05 1e-05 0.99995 1e-05 1e-05
YamnayaLike Gyvakarai1_10bp 0 0 1 1 1e-05 1e-05 0.99995 1e-05 1e-05 1e-05
HG Kivisaare3 0 0 1 1 1e-05 1e-05 1e-05 0.99995 1e-05 1e-05
HG Kretuonas1 0 0 2 1 1e-05 1e-05 1e-05 0.99995 1e-05 1e-05
HG Kretuonas2 0 0 1 1 1e-05 1e-05 1e-05 0.99995 1e-05 1e-05
HG Kretuonas4 0 0 2 1 1e-05 1e-05 1e-05 0.99995 1e-05 1e-05
HG Kretuonas5 0 0 1 1 1e-05 1e-05 1e-05 0.99995 1e-05 1e-05
HG Spiginas1 0 0 1 1 1e-05 1e-05 1e-05 0.99995 1e-05 1e-05
HG Spiginas4 0 0 2 1 1e-05 1e-05 1e-05 0.99995 1e-05 1e-05
YamnayaLike DA26.SG 0 0 2 1 1e-05 1e-05 0.99995 1e-05 1e-05 1e-05
IranN/CHG DA379_final.SG 0 0 1 1 0.99995 1e-05 1e-05 1e-05 1e-05 1e-05
IranN/CHG DA380_final.SG 0 0 2 1 0.99995 1e-05 1e-05 1e-05 1e-05 1e-05
IranN/CHG DA381_final.SG 0 0 1 1 0.99995 1e-05 1e-05 1e-05 1e-05 1e-05
IranN/CHG DA383_final.SG 0 0 2 1 0.99995 1e-05 1e-05 1e-05 1e-05 1e-05
YamnayaLike Yamnaya.SG 0 0 2 1 1e-05 1e-05 0.99995 1e-05 1e-05 1e-05
HG N22.SG 0 0 2 1 1e-05 1e-05 1e-05 0.99995 1e-05 1e-05
YamnayaLike I0231_published 0 0 1 1 1e-05 1e-05 0.99995 1e-05 1e-05 1e-05
EarlyFarmers I1880 0 0 1 1 1e-05 0.99995 1e-05 1e-05 1e-05 1e-05
ARMENIA ARMENIA:591320 0 0 2 1 0.693829 0.225198 0.03092 0.045731 0.004312 1e-05
ARMENIA ARMENIA:591321 0 0 2 1 0.743118 0.222013 0.014585 0.000997 0.004071 0.015216
ARMENIA ARMENIA:591322 0 0 2 1 0.754664 0.220591 0.018589 1e-05 0.006136 1e-05
ARMENIA ARMENIA:591323 0 0 2 1 0.751705 0.234356 1e-05 1e-05 0.012011 0.001907
ARMENIA ARMENIA:591325 0 0 1 1 0.7451 0.241048 1e-05 0.011206 6.4e-05 0.002572
ARMENIA ARMENIA:591327 0 0 1 1 0.780031 0.200952 0.001543 0.00822 1e-05 0.009244
ARMENIA ARMENIA:591328 0 0 1 1 0.723974 0.221799 0.039188 1e-05 0.00233 0.012699
ARMENIA ARMENIA:591329 0 0 1 1 0.72046 0.248765 0.011153 0.014953 1e-05 0.004659
ARMENIA ARMENIA:591330 0 0 1 1 0.736616 0.217437 0.031458 0.007176 0.007303 1e-05
ARMENIA ARMENIA:591333 0 0 2 1 0.617802 0.252067 0.050006 0.066152 1e-05 0.013963
ARMENIA ARMENIA:591334 0 0 1 1 0.727947 0.240815 0.029795 1e-05 1e-05 0.001424
ARMENIA ARMENIA:591336 0 0 2 1 0.745258 0.21424 0.021844 0.0093 0.009348 1e-05
ARMENIA ARMENIA:591337 0 0 2 1 0.724514 0.241381 0.032294 0.000365 0.001436 1e-05
ARMENIA ARMENIA:591457 0 0 2 1 0.722098 0.240686 0.00227 0.023466 0.01147 1e-05
ARMENIA ARMENIA:594206 0 0 2 1 0.738757 0.2529 1.6e-05 1e-05 0.008307 1e-05
ARMENIA ARMENIA:594209 0 0 2 1 0.69902 0.284894 0.006925 0.002269 0.006882 1e-05
ARMENIA ARMENIA:594210 0 0 1 1 0.745164 0.253314 5.8e-05 1e-05 0.001444 1e-05
ARMENIA ARMENIA:594213 0 0 1 1 0.733679 0.257788 1e-05 0.007838 0.000675 1e-05
ARMENIA ARMENIA:594216 0 0 2 1 0.724129 0.275831 1e-05 1e-05 1e-05 1e-05
ARMENIA ARMENIA:594217 0 0 2 1 0.718623 0.265903 1e-05 1e-05 0.00492 0.010535
ARMENIA ARMENIA:594219 0 0 1 1 0.743606 0.222764 0.0336 1e-05 1e-05 1e-05
ARMENIA ARMENIA:594221 0 0 2 1 0.728084 0.254895 1e-05 0.000105 0.010509 0.006396
ARMENIA ARMENIA:594226 0 0 2 1 0.709752 0.247796 0.012325 0.019885 0.009286 0.000956
ARMENIA ARMENIA:594230 0 0 2 1 0.695213 0.287233 0.017524 1e-05 1e-05 1e-05
ARMENIA ARMENIA:594235 0 0 2 1 0.744409 0.249959 1e-05 0.001358 0.004254 1e-05
ARMENIA ARMENIA:594238 0 0 2 1 0.722997 0.23502 0.026932 1e-05 1e-05 0.01503
ARMENIA ARMENIA:594243 0 0 1 1 0.7114 0.264771 0.013808 0.001005 0.009007 1e-05
ARMENIA ARMENIA:594250 0 0 1 1 0.728148 0.251952 0.019612 0.000268 1e-05 1e-05
ARMENIA ARMENIA:594253 0 0 1 1 0.706008 0.234519 0.02797 0.013785 0.004549 0.013168
ARMENIA ARMENIA:594254 0 0 1 1 0.744925 0.25477 1e-05 1e-05 0.000275 1e-05
ARMENIA ARMENIA:594255 0 0 1 1 0.68877 0.27425 0.03695 1e-05 1e-05 1e-05
ARMENIA ARMENIA:594259 0 0 2 1 0.728283 0.262408 0.003503 0.005787 1e-05 1e-05
ARMENIA ARMENIA:594261 0 0 1 1 0.721753 0.235659 0.026131 0.00457 0.011435 0.000452
ARMENIA ARMENIA:594262 0 0 1 1 0.705921 0.237022 0.043529 0.01273 0.000787 1e-05
ARMENIA ARMENIA:594265 0 0 2 1 0.733454 0.225983 0.028762 0.002481 0.007032 0.002288
ARMENIA ARMENIA:594269 0 0 1 1 0.72788 0.253944 0.015478 1e-05 0.002678 1e-05
ARMENIA ARMENIA:594273 0 0 2 1 0.683121 0.287024 0.013203 1e-05 0.004557 0.012085
ARMENIA ARMENIA:594274 0 0 2 1 0.671879 0.254114 0.060554 0.002295 0.007714 0.003444
ARMENIA ARMENIA:594275 0 0 1 1 0.75464 0.238297 1e-05 1e-05 0.007034 1e-05
ARMENIA ARMENIA:594276 0 0 1 1 0.747834 0.252126 1e-05 1e-05 1e-05 1e-05
ARMENIA ARMENIA:594277 0 0 1 1 0.683181 0.28783 0.024733 1e-05 1e-05 0.004236
ARMENIA ARMENIA:594278 0 0 2 1 0.70799 0.265663 1e-05 1e-05 0.007173 0.019154
ARMENIA ARMENIA:594279 0 0 2 1 0.718287 0.262748 1e-05 1e-05 0.00985 0.009095
ARMENIA ARMENIA:594280 0 0 2 1 0.715859 0.269574 1e-05 0.005165 0.001797 0.007596
ARMENIA ARMENIA:594310 0 0 2 1 0.724364 0.243222 0.017155 1e-05 0.013608 0.001641
ARMENIA ARMENIA:594311 0 0 1 1 0.709999 0.277412 0.006437 1e-05 1e-05 0.006132
ARMENIA ARMENIA:594711 0 0 2 1 0.771482 0.22064 1e-05 1e-05 0.007847 1e-05
ARMENIA ARMENIA:594712 0 0 2 1 0.715913 0.219106 0.044753 0.020208 1e-05 1e-05
ARMENIA ARMENIA:594715 0 0 1 1 0.753273 0.230908 1e-05 0.014243 0.001556 1e-05
ARMENIA ARMENIA:594718 0 0 1 1 0.736773 0.228447 0.011797 0.014162 0.008811 1e-05
ARMENIA ARMENIA:594720 0 0 1 1 0.71528 0.270502 0.011924 1e-05 0.002191 9.3e-05
ARMENIA ARMENIA:594724 0 0 1 1 0.693912 0.292142 1e-05 0.007759 0.006167 1e-05
ARMENIA ARMENIA:594725 0 0 1 1 0.775681 0.224137 1e-05 1e-05 0.000152 1e-05
ARMENIA ARMENIA:594726 0 0 2 1 0.692324 0.257948 0.035046 0.006683 0.004489 0.00351
ARMENIA ARMENIA:594727 0 0 2 1 0.747629 0.236218 0.002523 0.01361 1e-05 1e-05
ARMENIA ARMENIA:594730 0 0 2 1 0.738622 0.249971 0.005318 0.000489 0.005591 1e-05
ARMENIA ARMENIA:594732 0 0 2 1 0.72007 0.254169 0.011108 0.012545 0.002098 1e-05
ARMENIA ARMENIA:594734 0 0 1 1 0.719674 0.267129 1e-05 1e-05 0.013166 1e-05
ARMENIA ARMENIA:594740 0 0 2 1 0.736621 0.245865 1e-05 0.006805 0.004864 0.005835
ARMENIA ARMENIA:594742 0 0 1 1 0.720227 0.254737 0.019377 1e-05 0.005639 1e-05
ARMENIA ARMENIA:594744 0 0 2 1 0.709632 0.269236 0.004891 1e-05 0.004927 0.011304
ARMENIA ARMENIA:594746 0 0 1 1 0.735825 0.264135 1e-05 1e-05 1e-05 1e-05
ARMENIA ARMENIA:594747 0 0 2 1 0.731418 0.242959 0.018808 0.006795 1e-05 1e-05
ARMENIA ARMENIA:594843 0 0 2 1 0.706427 0.273293 0.011427 1e-05 0.008832 1e-05
ARMENIA ARMENIA:595091 0 0 2 1 0.698484 0.268167 0.024913 0.003871 0.003937 0.000628
ARMENIA ARMENIA:595092 0 0 2 1 0.775364 0.211734 0.011499 1e-05 1e-05 0.001382
ARMENIA ARMENIA:595093 0 0 2 1 0.716067 0.243147 1e-05 0.026813 0.013953 1e-05
ARMENIA ARMENIA:595094 0 0 2 1 0.688512 0.27019 0.017124 1e-05 0.014704 0.00946
ARMENIA ARMENIA:595095 0 0 2 1 0.744859 0.22383 0.026559 1e-05 0.004733 1e-05
ARMENIA ARMENIA:595096 0 0 2 1 0.739931 0.249209 0.006376 0.004464 1e-05 1e-05
ARMENIA ARMENIA:595098 0 0 2 1 0.688445 0.268988 0.025343 0.004782 0.00317 0.009273
ARMENIA ARMENIA:595100 0 0 2 1 0.748005 0.23976 0.010993 0.001222 1e-05 1e-05
ARMENIA ARMENIA:595102 0 0 2 1 0.724572 0.250015 0.015469 0.002315 0.007619 1e-05
ARMENIA ARMENIA:595103 0 0 2 1 0.761232 0.209318 1e-05 0.018062 0.005807 0.005572
ARMENIA ARMENIA:605464 0 0 2 1 0.737307 0.236301 0.016421 1e-05 0.00995 1e-05
ARMENIA ARMENIA:605665 0 0 1 1 0.768963 0.208258 0.01206 0.010698 1e-05 1e-05
ARMENIA ARMENIA:605666 0 0 1 1 0.755349 0.222992 1e-05 0.014047 0.006057 0.001545
ARMENIA ARMENIA:605667 0 0 1 1 0.701649 0.248753 0.029958 0.018803 1e-05 0.000827
ARMENIA ARMENIA:605668 0 0 2 1 0.729369 0.247024 0.004199 0.004423 0.012952 0.002033
ARMENIA ARMENIA:605670 0 0 1 1 0.707169 0.274522 1e-05 0.014304 0.003985 1e-05
ARMENIA ARMENIA:605671 0 0 1 1 0.7751 0.22486 1e-05 1e-05 1e-05 1e-05
ARMENIA ARMENIA:662724 0 0 1 1 0.751678 0.205882 0.035169 0.003778 0.003482 1e-05
AZERBAIJAN AZERBAIJAN:591458 0 0 1 1 0.686311 0.184325 0.078364 0.004427 0.009038 0.037535
AZERBAIJAN AZERBAIJAN:595071 0 0 1 1 0.680111 0.178218 0.097624 0.00327 0.002228 0.038549
AZERBAIJAN AZERBAIJAN:595072 0 0 1 1 0.691016 0.160549 0.088341 0.006349 0.003968 0.049777
AZERBAIJAN AZERBAIJAN:595075 0 0 2 1 0.643554 0.184176 0.07486 0.030727 0.009952 0.056731
AZERBAIJAN AZERBAIJAN:595078 0 0 2 1 0.676907 0.163556 0.053191 0.020489 0.005859 0.079998
AZERBAIJAN AZERBAIJAN:595079 0 0 2 1 0.678596 0.185318 0.074936 0.008219 0.017723 0.035209
AZERBAIJAN AZERBAIJAN:595080 0 0 2 1 0.684184 0.184741 0.072906 9.1e-05 0.016864 0.041215
AZERBAIJAN AZERBAIJAN:595082 0 0 2 1 0.678438 0.191679 0.071172 0.012454 0.00882 0.037437
AZERBAIJAN AZERBAIJAN:595087 0 0 1 1 0.622643 0.126022 0.168982 0.041128 1e-05 0.041215
AZERBAIJAN AZERBAIJAN:595088 0 0 1 1 0.720315 0.122011 0.125477 0.009989 1e-05 0.022199
AZERBAIJAN AZERBAIJAN:595104 0 0 1 1 0.677999 0.171604 0.072798 0.03324 1e-05 0.044349
AZERBAIJAN AZERBAIJAN:595106 0 0 1 1 0.674781 0.178367 0.082418 0.023381 0.006654 0.034399
AZERBAIJAN AZERBAIJAN:595107 0 0 1 1 0.705538 0.127408 0.108136 0.033474 0.000568 0.024877
AZERBAIJAN AZERBAIJAN:595108 0 0 2 1 0.726447 0.155261 0.086125 0.005195 0.004678 0.022294
AZERBAIJAN AZERBAIJAN:595112 0 0 1 1 0.632835 0.15387 0.137458 0.056414 1e-05 0.019412
AZERBAIJAN AZERBAIJAN:595113 0 0 1 1 0.715108 0.146799 0.087415 0.008255 0.003728 0.038696
AZERBAIJAN AZERBAIJAN:595114 0 0 1 1 0.718056 0.155973 0.067351 0.009528 0.008159 0.040934
AZERBAIJAN AZERBAIJAN:595115 0 0 2 1 0.711362 0.18705 0.023187 0.014655 0.011819 0.051928
AZERBAIJAN AZERBAIJAN:595116 0 0 1 1 0.705822 0.177033 0.044812 1e-05 0.018638 0.053685
AZERBAIJAN AZERBAIJAN:595117 0 0 1 1 0.674053 0.156446 0.121354 1e-05 1e-05 0.048127
AZERBAIJAN AZERBAIJAN:595118 0 0 2 1 0.666289 0.134133 0.119396 0.011921 0.007274 0.060987
AZERBAIJAN AZERBAIJAN:595120 0 0 1 1 0.622924 0.186229 0.101218 0.026846 0.007058 0.055725
AZERBAIJAN AZERBAIJAN:595126 0 0 1 1 0.512393 0.193013 0.151162 0.10259 0.004556 0.036285
AZERBAIJAN AZERBAIJAN:595134 0 0 1 1 0.703348 0.163262 0.053244 0.015993 0.012588 0.051566
AZERBAIJAN AZERBAIJAN:595135 0 0 1 1 0.689625 0.173502 0.079858 0.009563 0.00273 0.044722
AZERBAIJAN AZERBAIJAN:595136 0 0 1 1 0.655041 0.178948 0.103412 0.009008 0.003117 0.050473
AZERBAIJAN AZERBAIJAN:595138 0 0 1 1 0.655078 0.192536 0.08788 0.029003 1e-05 0.035494
AZERBAIJAN AZERBAIJAN:595139 0 0 1 1 0.727738 0.158555 0.072719 1e-05 0.008014 0.032964
AZERBAIJAN AZERBAIJAN:595141 0 0 1 1 0.68548 0.154685 0.091405 0.014069 1e-05 0.054351
AZERBAIJAN AZERBAIJAN:595144 0 0 1 1 0.482396 0.162991 0.174767 0.085526 1e-05 0.09431
AZERBAIJAN AZERBAIJAN:595145 0 0 2 1 0.563421 0.203563 0.107357 0.074471 0.002917 0.048271
AZERBAIJAN AZERBAIJAN:595147 0 0 1 1 0.658381 0.171287 0.116172 0.007266 0.000482 0.046411
AZERBAIJAN AZERBAIJAN:595148 0 0 1 1 0.654638 0.190618 0.092358 0.002461 0.005646 0.054279
AZERBAIJAN AZERBAIJAN:595149 0 0 1 1 0.659881 0.165382 0.093593 0.011445 0.011688 0.05801
AZERBAIJAN AZERBAIJAN:595150 0 0 2 1 0.703522 0.130464 0.086929 0.029216 0.010005 0.039864
AZERBAIJAN AZERBAIJAN:595151 0 0 1 1 0.66061 0.161277 0.11831 0.008703 0.002816 0.048284
AZERBAIJAN AZERBAIJAN:595152 0 0 1 1 0.674187 0.156451 0.101781 1e-05 0.010278 0.057293
AZERBAIJAN AZERBAIJAN:595153 0 0 2 1 0.687242 0.17247 0.058348 0.005691 0.004936 0.071311
AZERBAIJAN AZERBAIJAN:595154 0 0 1 1 0.701832 0.170318 0.052475 0.022791 0.00763 0.044953
AZERBAIJAN AZERBAIJAN:595155 0 0 1 1 0.681369 0.129056 0.097846 0.029194 1e-05 0.062525
AZERBAIJAN AZERBAIJAN:595157 0 0 1 1 0.724707 0.162179 0.071555 1e-05 0.011808 0.029741
AZERBAIJAN AZERBAIJAN:595158 0 0 2 1 0.670679 0.132329 0.090048 0.024464 0.001232 0.081247
AZERBAIJAN AZERBAIJAN:595159 0 0 2 1 0.512519 0.145606 0.174815 0.116472 1e-05 0.050578
AZERBAIJAN AZERBAIJAN:595160 0 0 1 1 0.672228 0.182341 0.085446 0.021642 0.002195 0.036148
AZERBAIJAN AZERBAIJAN:662845 0 0 2 1 0.611699 0.241179 0.063911 0.013642 0.006877 0.062692
GEORGIA GEORGIA:591422 0 0 1 1 0.569032 0.194041 0.125511 0.097776 0.006877 0.006764
GEORGIA GEORGIA:591430 0 0 1 1 0.805014 0.156532 0.003044 0.03539 1e-05 1e-05
GEORGIA GEORGIA:591431 0 0 1 1 0.772481 0.20139 0.012398 0.011426 0.002295 1e-05
GEORGIA GEORGIA:591433 0 0 1 1 0.774426 0.199825 0.016475 0.001569 0.007694 1e-05
GEORGIA GEORGIA:591434 0 0 1 1 0.741369 0.224882 0.0252 0.008529 1e-05 1e-05
GEORGIA GEORGIA:591435 0 0 1 1 0.774834 0.184057 0.031447 0.00834 1e-05 0.001312
GEORGIA GEORGIA:591437 0 0 1 1 0.769963 0.205211 0.020821 1e-05 0.003383 0.000612
GEORGIA GEORGIA:591438 0 0 1 1 0.807033 0.192925 1e-05 1e-05 1.2e-05 1e-05
GEORGIA GEORGIA:591440 0 0 2 1 0.81847 0.159749 1e-05 0.019574 1e-05 0.002186
GEORGIA GEORGIA:591444 0 0 1 1 0.751221 0.184523 0.045354 1e-05 1e-05 0.018882
GEORGIA GEORGIA:591445 0 0 2 1 0.737672 0.197826 0.051512 1e-05 0.002493 0.010487
GEORGIA GEORGIA:591446 0 0 2 1 0.780814 0.206131 0.011299 1e-05 0.001737 1e-05
GEORGIA GEORGIA:591447 0 0 1 1 0.778188 0.186202 1e-05 0.035579 1e-05 1e-05
GEORGIA GEORGIA:591453 0 0 1 1 0.790689 0.208575 1e-05 1e-05 1e-05 0.000707
GEORGIA GEORGIA:591460 0 0 2 1 0.718147 0.187683 0.028334 0.065816 1e-05 1e-05
GEORGIA GEORGIA:591464 0 0 1 1 0.769978 0.213862 0.00868 0.00746 1e-05 1e-05
GEORGIA GEORGIA:591465 0 0 1 1 0.801359 0.198601 1e-05 1e-05 1e-05 1e-05
GEORGIA GEORGIA:591467 0 0 1 1 0.80549 0.158335 0.029511 0.004176 1e-05 0.002478
GEORGIA GEORGIA:591468 0 0 1 1 0.78818 0.210799 1e-05 0.000991 1e-05 1e-05
GEORGIA GEORGIA:591470 0 0 2 1 0.792832 0.207128 1e-05 1e-05 1e-05 1e-05
GEORGIA GEORGIA:591472 0 0 1 1 0.827062 0.172898 1e-05 1e-05 1e-05 1e-05
GEORGIA GEORGIA:591473 0 0 2 1 0.762363 0.237597 1e-05 1e-05 1e-05 1e-05
GEORGIA GEORGIA:591475 0 0 2 1 0.770916 0.198846 0.025226 0.004991 1e-05 1e-05
GEORGIA GEORGIA:591479 0 0 2 1 0.839553 0.160407 1e-05 1e-05 1e-05 1e-05
GEORGIA GEORGIA:591481 0 0 2 1 0.799322 0.197599 1e-05 0.003049 1e-05 1e-05
GEORGIA GEORGIA:591482 0 0 2 1 0.80341 0.19655 1e-05 1e-05 1e-05 1e-05
GEORGIA GEORGIA:591486 0 0 2 1 0.785436 0.214181 1e-05 0.000354 1e-05 1e-05
GEORGIA GEORGIA:591488 0 0 2 1 0.827784 0.172176 1e-05 1e-05 1e-05 1e-05
GEORGIA GEORGIA:591495 0 0 1 1 0.797214 0.195959 0.006797 1e-05 1e-05 1e-05
GEORGIA GEORGIA:591496 0 0 1 1 0.786938 0.21194 1e-05 1e-05 1e-05 0.001092
GEORGIA GEORGIA:591497 0 0 2 1 0.823137 0.174844 1e-05 0.001989 1e-05 1e-05
GEORGIA GEORGIA:591498 0 0 2 1 0.753456 0.232745 1e-05 0.013769 1e-05 1e-05
GEORGIA GEORGIA:591499 0 0 2 1 0.830189 0.169027 0.000754 1e-05 1e-05 1e-05
GEORGIA GEORGIA:591501 0 0 2 1 0.806517 0.188691 0.004763 1e-05 1e-05 1e-05
GEORGIA GEORGIA:591503 0 0 2 1 0.8165 0.18346 1e-05 1e-05 1e-05 1e-05
GEORGIA GEORGIA:591504 0 0 2 1 0.756636 0.233211 0.006463 1e-05 0.003671 1e-05
GEORGIA GEORGIA:591505 0 0 2 1 0.717277 0.234047 0.033468 1e-05 1e-05 0.015188
GEORGIA GEORGIA:591506 0 0 2 1 0.819808 0.180152 1e-05 1e-05 1e-05 1e-05
GEORGIA GEORGIA:591508 0 0 2 1 0.812177 0.179336 0.008456 1e-05 1e-05 1e-05
GEORGIA GEORGIA:591509 0 0 1 1 0.801372 0.196369 1e-05 1e-05 1e-05 0.002229
GEORGIA GEORGIA:605405 0 0 2 1 0.834046 0.104253 0.010099 0.034269 1e-05 0.017323
GEORGIA GEORGIA:605409 0 0 2 1 0.879939 0.071158 0.01115 0.037733 1e-05 1e-05
GEORGIA GEORGIA:605410 0 0 2 1 0.777456 0.149538 0.045829 0.008539 1e-05 0.018628
GEORGIA GEORGIA:605411 0 0 2 1 0.823359 0.105951 0.051062 0.019608 1e-05 1e-05
GEORGIA GEORGIA:605412 0 0 2 1 0.818881 0.12193 0.018979 0.040189 1e-05 1e-05
GEORGIA GEORGIA:605413 0 0 1 1 0.771503 0.188977 0.023431 0.016069 1e-05 1e-05
GEORGIA GEORGIA:605414 0 0 2 1 0.795166 0.145211 0.032657 0.026946 1e-05 1e-05
GEORGIA GEORGIA:605415 0 0 2 1 0.786624 0.141 0.040568 0.031022 6.5e-05 0.000721
GEORGIA GEORGIA:605416 0 0 1 1 0.795985 0.203975 1e-05 1e-05 1e-05 1e-05
GEORGIA GEORGIA:605419 0 0 2 1 0.827149 0.118655 0.018995 0.035182 1e-05 1e-05
GEORGIA GEORGIA:605422 0 0 2 1 0.823636 0.125901 0.036141 0.014302 1e-05 1e-05
GEORGIA GEORGIA:605425 0 0 2 1 0.781958 0.170677 0.017413 0.029932 1e-05 1e-05
GEORGIA GEORGIA:605426 0 0 2 1 0.857598 0.08214 0.022409 0.037833 1e-05 1e-05
GEORGIA GEORGIA:605432 0 0 2 1 0.85058 0.093078 0.005958 0.050364 1e-05 1e-05
GEORGIA GEORGIA:605433 0 0 2 1 0.867972 0.096373 0.005185 0.03045 1e-05 1e-05
GEORGIA GEORGIA:605438 0 0 2 1 0.817467 0.105065 0.063383 0.014066 1e-05 1e-05
GEORGIA GEORGIA:605440 0 0 2 1 0.835123 0.101053 0.04338 0.020424 1e-05 1e-05
GEORGIA GEORGIA:605441 0 0 2 1 0.817175 0.133323 0.030836 0.018646 1e-05 1e-05
GEORGIA GEORGIA:605442 0 0 2 1 0.764059 0.198498 0.026484 1e-05 0.010939 1e-05
GEORGIA GEORGIA:605443 0 0 1 1 0.765059 0.16569 0.048609 0.019465 1e-05 0.001166
GEORGIA GEORGIA:605444 0 0 2 1 0.774597 0.186273 0.032225 0.006884 1e-05 1e-05
GEORGIA GEORGIA:605445 0 0 1 1 0.759925 0.200363 0.036859 0.000528 1e-05 0.002315
GEORGIA GEORGIA:605449 0 0 2 1 0.767453 0.184882 0.026882 0.019928 1e-05 0.000846
GEORGIA GEORGIA:605450 0 0 1 1 0.783834 0.191978 0.003029 0.019558 1e-05 0.00159
GEORGIA GEORGIA:605451 0 0 1 1 0.815349 0.181692 0.002928 1e-05 1e-05 1e-05
GEORGIA GEORGIA:605452 0 0 1 1 0.755225 0.204882 0.021332 0.014398 1e-05 0.004153
GEORGIA GEORGIA:605453 0 0 2 1 0.791565 0.182879 0.002322 0.023213 1e-05 1e-05
GEORGIA GEORGIA:605454 0 0 1 1 0.789224 0.176442 0.009959 0.024356 1e-05 1e-05
GEORGIA GEORGIA:605455 0 0 1 1 0.803625 0.164241 0.01561 0.016504 1e-05 1e-05
GEORGIA GEORGIA:605456 0 0 1 1 0.725816 0.200645 0.044386 0.016983 1e-05 0.012159
GEORGIA GEORGIA:605457 0 0 2 1 0.795296 0.186705 0.000979 0.017 1e-05 1e-05
GEORGIA GEORGIA:605458 0 0 1 1 0.813877 0.126284 0.029466 0.024202 1e-05 0.006161
GEORGIA GEORGIA:605459 0 0 2 1 0.744916 0.175234 0.055127 0.000703 0.002171 0.021849
GEORGIA GEORGIA:605681 0 0 2 1 0.835793 0.097967 0.023254 0.042966 1e-05 1e-05
GEORGIA GEORGIA:605682 0 0 1 1 0.767947 0.184032 0.034426 1e-05 0.000315 0.013271
GEORGIA GEORGIA:605683 0 0 1 1 0.712601 0.182027 0.046983 0.025453 1e-05 0.032927
GEORGIA GEORGIA:605686 0 0 2 1 0.810374 0.132104 0.019032 0.03847 1e-05 1e-05
GEORGIA GEORGIA:605687 0 0 2 1 0.737174 0.191367 0.031353 0.030337 1e-05 0.009758
GEORGIA GEORGIA:605688 0 0 1 1 0.811291 0.162985 0.012158 0.013546 1e-05 1e-05
GEORGIA GEORGIA:605689 0 0 1 1 0.830185 0.119636 0.014871 0.035288 1e-05 1e-05
GEORGIA GEORGIA:605690 0 0 2 1 0.778194 0.208362 0.011133 0.00229 1e-05 1e-05
GEORGIA GEORGIA:605691 0 0 2 1 0.768754 0.169731 0.033094 0.028401 1e-05 1e-05
GEORGIA GEORGIA:605697 0 0 2 1 0.781158 0.176815 0.038426 0.001288 1e-05 0.002303
GEORGIA GEORGIA:605698 0 0 2 1 0.799697 0.13646 0.03397 0.029853 1e-05 1e-05
GEORGIA GEORGIA:605699 0 0 2 1 0.769721 0.189281 0.037685 1e-05 0.002434 0.00087
GEORGIA GEORGIA:605701 0 0 1 1 0.832746 0.097636 0.033089 0.036509 1e-05 1e-05
GEORGIA GEORGIA:605703 0 0 1 1 0.826904 0.170312 1e-05 1e-05 1e-05 0.002755
KAZAKISTAN KAZAKISTAN:594285 0 0 2 1 0.214438 0.059356 0.168351 0.024019 0.010222 0.523615
KAZAKISTAN KAZAKISTAN:594286 0 0 2 1 0.214887 0.030503 0.135318 0.037537 1e-05 0.581745
KAZAKISTAN KAZAKISTAN:594287 0 0 2 1 0.232555 0.02755 0.133686 0.019858 0.001446 0.584906
KAZAKISTAN KAZAKISTAN:594289 0 0 1 1 0.357504 0.223139 0.200869 0.185644 0.001885 0.030959
KAZAKISTAN KAZAKISTAN:594291 0 0 2 1 0.200313 0.041394 0.147788 0.052916 0.00884 0.54875
KAZAKISTAN KAZAKISTAN:594292 0 0 2 1 0.346869 0.198792 0.231343 0.208919 1e-05 0.014067
KAZAKISTAN KAZAKISTAN:594295 0 0 2 1 0.275224 0.10188 0.170729 0.095285 0.000496 0.356386
KAZAKISTAN KAZAKISTAN:594296 0 0 1 1 0.261493 0.050793 0.140455 0.101103 1e-05 0.446146
KAZAKISTAN KAZAKISTAN:594297 0 0 1 1 0.230734 0.053057 0.124882 0.027926 1e-05 0.563391
KAZAKISTAN KAZAKISTAN:594298 0 0 2 1 0.213146 0.021946 0.15504 0.043813 1e-05 0.566045
KAZAKISTAN KAZAKISTAN:594299 0 0 1 1 0.362439 0.194052 0.231104 0.198508 1e-05 0.013887
KAZAKISTAN KAZAKISTAN:594300 0 0 2 1 0.200614 0.021277 0.161202 0.032925 1e-05 0.583972
KAZAKISTAN KAZAKISTAN:594301 0 0 1 1 0.205668 0.012744 0.179385 0.035151 1e-05 0.567042
KAZAKISTAN KAZAKISTAN:594304 0 0 1 1 0.222701 0.031756 0.168147 0.034444 1e-05 0.542942
KAZAKISTAN KAZAKISTAN:594306 0 0 1 1 0.416581 0.310486 0.157682 0.105187 1e-05 0.010055
KAZAKISTAN KAZAKISTAN:594307 0 0 1 1 0.778461 0.22056 1e-05 1e-05 0.000949 1e-05
KAZAKISTAN KAZAKISTAN:594312 0 0 2 1 1e-05 1e-05 0.023915 1e-05 1e-05 0.976045
KAZAKISTAN KAZAKISTAN:596765 0 0 1 1 0.231933 0.035249 0.158246 0.038847 1e-05 0.535714
KAZAKISTAN KAZAKISTAN:596766 0 0 1 1 0.286683 0.086377 0.193336 0.101533 1e-05 0.332061
KAZAKISTAN KAZAKISTAN:596769 0 0 2 1 0.248859 0.044576 0.13689 0.040006 0.002692 0.526977
KAZAKISTAN KAZAKISTAN:596770 0 0 1 1 0.30697 0.202783 0.226501 0.220548 1e-05 0.043189
KAZAKISTAN KAZAKISTAN:596771 0 0 2 1 0.189948 0.023734 0.136379 0.032521 1e-05 0.617408
KAZAKISTAN KAZAKISTAN:596773 0 0 2 1 0.337293 0.190678 0.230742 0.202556 1e-05 0.038719
KAZAKISTAN KAZAKISTAN:596774 0 0 1 1 0.304448 0.044078 0.089778 0.020246 0.005464 0.535986
KAZAKISTAN KAZAKISTAN:596775 0 0 1 1 0.197878 0.036495 0.154171 0.044984 0.004175 0.562297
KAZAKISTAN KAZAKISTAN:596776 0 0 2 1 0.259405 0.015068 0.143052 0.034421 0.003388 0.544666
KAZAKISTAN KAZAKISTAN:596777 0 0 2 1 0.209 0.029617 0.135475 0.040097 1e-05 0.585802
KAZAKISTAN KAZAKISTAN:596780 0 0 2 1 0.287472 0.21181 0.237488 0.235868 1e-05 0.027352
KAZAKISTAN KAZAKISTAN:596781 0 0 2 1 0.229512 0.022721 0.165694 0.029705 1e-05 0.552358
KAZAKISTAN KAZAKISTAN:596782 0 0 2 1 0.345194 0.03136 0.105725 0.030303 0.000978 0.48644
KAZAKISTAN KAZAKISTAN:596783 0 0 2 1 0.349423 0.203869 0.205822 0.205877 1e-05 0.035
KAZAKISTAN KAZAKISTAN:596784 0 0 1 1 0.322067 0.190632 0.243585 0.199749 1e-05 0.043957
KAZAKISTAN KAZAKISTAN:596785 0 0 2 1 0.216932 0.041499 0.122824 0.026161 0.003757 0.588827
KAZAKISTAN KAZAKISTAN:596786 0 0 2 1 0.345611 0.003279 0.132946 0.026981 0.001558 0.489625
KAZAKISTAN KAZAKISTAN:596787 0 0 1 1 0.204796 0.018123 0.11684 0.063636 1e-05 0.596594
KAZAKISTAN KAZAKISTAN:596788 0 0 1 1 0.308036 0.229205 0.220352 0.2036 1e-05 0.038796
KAZAKISTAN KAZAKISTAN:596789 0 0 2 1 0.216806 0.054112 0.13455 0.03838 0.005715 0.550438
KAZAKISTAN KAZAKISTAN:596790 0 0 1 1 0.2381 0.035334 0.139647 0.038473 1e-05 0.548436
KAZAKISTAN KAZAKISTAN:596791 0 0 1 1 0.249931 0.034576 0.15561 0.035407 1e-05 0.524465
KAZAKISTAN KAZAKISTAN:596792 0 0 2 1 0.210736 0.013265 0.145835 0.035169 1e-05 0.594986
KAZAKISTAN KAZAKISTAN:596793 0 0 1 1 0.253505 0.065354 0.118546 0.061797 1e-05 0.500788
KAZAKISTAN KAZAKISTAN:596794 0 0 1 1 0.785312 0.195403 1e-05 0.019256 1e-05 1e-05
KAZAKISTAN KAZAKISTAN:596795 0 0 1 1 0.363304 0.150966 0.220015 0.21165 1e-05 0.054056
KAZAKISTAN KAZAKISTAN:596796 0 0 2 1 0.202982 0.050713 0.140666 0.0364 1e-05 0.56923
KAZAKISTAN KAZAKISTAN:596800 0 0 2 1 0.184543 0.022942 0.174592 0.026746 1e-05 0.591167
KAZAKISTAN KAZAKISTAN:596801 0 0 2 1 0.233004 0.028912 0.126155 0.032604 1e-05 0.579315
KAZAKISTAN KAZAKISTAN:596803 0 0 2 1 0.199464 0.006938 0.131973 0.049613 1e-05 0.612002
KAZAKISTAN KAZAKISTAN:596804 0 0 2 1 0.288286 0.024854 0.090601 0.050192 0.004156 0.541911
KAZAKISTAN KAZAKISTAN:596808 0 0 2 1 0.282629 0.0507 0.198476 0.084905 4.2e-05 0.383248
KAZAKISTAN KAZAKISTAN:596809 0 0 2 1 0.242145 1.2e-05 0.144775 0.036106 1e-05 0.576952
TAJIKISTAN TAJIKISTAN:596635 0 0 1 1 0.566272 0.035356 0.221399 0.042456 0.011358 0.123159
TAJIKISTAN TAJIKISTAN:596636 0 0 1 1 0.561475 0.065123 0.184576 0.046475 0.009317 0.133033
TAJIKISTAN TAJIKISTAN:596640 0 0 1 1 0.544574 0.014454 0.175724 0.028347 0.003045 0.233856
TAJIKISTAN TAJIKISTAN:596642 0 0 1 1 0.539496 0.020084 0.201685 0.016957 0.003723 0.218054
TAJIKISTAN TAJIKISTAN:596643 0 0 1 1 0.608549 1e-05 0.175854 0.030648 0.022879 0.16206
TAJIKISTAN TAJIKISTAN:596644 0 0 1 1 0.596668 0.005929 0.182995 0.033204 0.003827 0.177377
TAJIKISTAN TAJIKISTAN:596645 0 0 2 1 0.485484 0.017646 0.123971 0.061533 0.000245 0.311121
TAJIKISTAN TAJIKISTAN:596647 0 0 1 1 0.534043 0.064014 0.167963 0.017222 0.014905 0.201852
TAJIKISTAN TAJIKISTAN:596650 0 0 1 1 0.581199 0.037626 0.187936 0.031586 0.006343 0.15531
TAJIKISTAN TAJIKISTAN:596651 0 0 1 1 0.537242 0.057593 0.160245 0.00375 1e-05 0.241159
TAJIKISTAN TAJIKISTAN:596653 0 0 1 1 0.551779 0.037887 0.177154 0.047348 1e-05 0.185822
TAJIKISTAN TAJIKISTAN:596655 0 0 1 1 0.531866 1e-05 0.210415 0.039299 0.010704 0.207706
TAJIKISTAN TAJIKISTAN:596657 0 0 2 1 0.551676 0.010148 0.22378 0.013141 0.007631 0.193624
TAJIKISTAN TAJIKISTAN:596658 0 0 2 1 0.530852 0.004601 0.213294 0.029032 0.01225 0.20997
TAJIKISTAN TAJIKISTAN:596659 0 0 1 1 0.565442 1e-05 0.247993 0.001146 0.007402 0.178006
TAJIKISTAN TAJIKISTAN:596661 0 0 2 1 0.4919 0.05054 0.239294 0.028238 0.00014 0.189889
TAJIKISTAN TAJIKISTAN:596662 0 0 1 1 0.584089 0.046437 0.187373 0.045785 0.006299 0.130017
TAJIKISTAN TAJIKISTAN:596665 0 0 1 1 0.614943 0.030521 0.185835 0.026571 0.007252 0.134878
TAJIKISTAN TAJIKISTAN:596671 0 0 2 1 0.571811 0.050895 0.195288 0.034486 1e-05 0.147511
TAJIKISTAN TAJIKISTAN:596672 0 0 2 1 0.575916 0.057414 0.201681 0.010797 0.007372 0.146821
TAJIKISTAN TAJIKISTAN:596675 0 0 2 1 0.607572 0.063401 0.150625 0.043887 0.006999 0.127516
TAJIKISTAN TAJIKISTAN:596676 0 0 2 1 0.516418 0.063096 0.225493 0.03417 0.006883 0.15394
TAJIKISTAN TAJIKISTAN:596677 0 0 2 1 0.584409 0.048311 0.187643 0.020491 0.007854 0.151292
TAJIKISTAN TAJIKISTAN:596681 0 0 2 1 0.612056 0.02182 0.217883 0.040722 0.013708 0.093812
TAJIKISTAN TAJIKISTAN:596684 0 0 2 1 0.489251 0.058977 0.192767 0.079365 1e-05 0.17963
TAJIKISTAN TAJIKISTAN:596687 0 0 2 1 0.528768 0.059587 0.236089 0.084457 0.006411 0.084688
TAJIKISTAN TAJIKISTAN:596688 0 0 2 1 0.625209 0.022944 0.217261 0.039921 0.009819 0.084846
TAJIKISTAN TAJIKISTAN:596689 0 0 2 1 0.609913 0.011322 0.242819 0.035651 0.007802 0.092494
TAJIKISTAN TAJIKISTAN:596690 0 0 2 1 0.545919 0.03124 0.275393 0.04912 1e-05 0.098318
TAJIKISTAN TAJIKISTAN:596692 0 0 2 1 0.628337 0.000471 0.217289 0.041835 0.007126 0.104942
TAJIKISTAN TAJIKISTAN:596693 0 0 2 1 0.621732 0.03336 0.204635 0.042816 0.003073 0.094384
TAJIKISTAN TAJIKISTAN:596694 0 0 2 1 0.580917 0.022858 0.221589 0.034977 0.008905 0.130754
TAJIKISTAN TAJIKISTAN:596695 0 0 2 1 0.530342 0.040836 0.25462 0.056505 0.016956 0.10074
TAJIKISTAN TAJIKISTAN:596697 0 0 2 1 0.622586 0.029337 0.21355 0.024033 0.007398 0.103095
TAJIKISTAN TAJIKISTAN:596698 0 0 2 1 0.582872 0.021825 0.242295 0.046486 0.006787 0.099736
TAJIKISTAN TAJIKISTAN:596699 0 0 2 1 0.604137 0.018818 0.220197 0.043055 6.6e-05 0.113727
TAJIKISTAN TAJIKISTAN:596706 0 0 1 1 0.570816 1e-05 0.249262 0.048071 0.005334 0.126507
TAJIKISTAN TAJIKISTAN:596707 0 0 2 1 0.596289 1e-05 0.245703 0.046271 0.002417 0.109309
TAJIKISTAN TAJIKISTAN:596709 0 0 2 1 0.579498 1e-05 0.265844 0.04822 0.002989 0.103439
TAJIKISTAN TAJIKISTAN:596713 0 0 2 1 0.627708 1e-05 0.233542 0.047958 0.001445 0.089337
TAJIKISTAN TAJIKISTAN:596715 0 0 2 1 0.54172 0.014621 0.2733 0.062246 0.013438 0.094676
TAJIKISTAN TAJIKISTAN:596716 0 0 1 1 0.59234 0.002053 0.243212 0.039662 0.008031 0.114702
TAJIKISTAN TAJIKISTAN:596718 0 0 2 1 0.566573 0.046274 0.251529 0.026723 0.002216 0.106685
TAJIKISTAN TAJIKISTAN:596719 0 0 2 1 0.555054 0.001853 0.274896 0.05788 0.005813 0.104503
TAJIKISTAN TAJIKISTAN:596720 0 0 2 1 0.563456 0.011455 0.276255 0.050374 1e-05 0.09845
TAJIKISTAN TAJIKISTAN:596721 0 0 2 1 0.590344 1e-05 0.263788 0.064814 0.000751 0.080293
TAJIKISTAN TAJIKISTAN:596722 0 0 2 1 0.575817 0.000757 0.283052 0.030184 1e-05 0.110179
TAJIKISTAN TAJIKISTAN:596723 0 0 1 1 0.564336 1e-05 0.296234 0.05248 0.004927 0.082014
TAJIKISTAN TAJIKISTAN:596724 0 0 2 1 0.522535 0.006547 0.296456 0.055896 0.003721 0.114845
TAJIKISTAN TAJIKISTAN:596728 0 0 2 1 0.563262 1e-05 0.279501 0.030868 0.005088 0.121271
TAJIKISTAN TAJIKISTAN:596729 0 0 2 1 0.589388 1e-05 0.272789 0.030834 0.001928 0.105052
TAJIKISTAN TAJIKISTAN:596730 0 0 2 1 0.621127 1e-05 0.225839 0.060375 1e-05 0.092638
TAJIKISTAN TAJIKISTAN:596733 0 0 2 1 0.593345 1e-05 0.246517 0.029256 0.00149 0.129382
TAJIKISTAN TAJIKISTAN:596734 0 0 2 1 0.600357 1e-05 0.236332 0.039418 0.009946 0.113938
TAJIKISTAN TAJIKISTAN:596737 0 0 2 1 0.524422 0.019309 0.289859 0.059489 1e-05 0.10691
TAJIKISTAN TAJIKISTAN:596739 0 0 2 1 0.561681 1e-05 0.304853 0.037721 1e-05 0.095725
TAJIKISTAN TAJIKISTAN:596741 0 0 2 1 0.554156 0.00385 0.287325 0.075213 1e-05 0.079445
TAJIKISTAN TAJIKISTAN:596744 0 0 2 1 0.53923 1e-05 0.339533 0.036847 1e-05 0.084371
TAJIKISTAN TAJIKISTAN:596745 0 0 2 1 0.574322 1e-05 0.272001 0.055945 0.004002 0.09372
TAJIKISTAN TAJIKISTAN:596746 0 0 2 1 0.554887 1e-05 0.296924 0.03695 0.004361 0.106867
TAJIKISTAN TAJIKISTAN:596747 0 0 1 1 0.555091 0.00866 0.310495 0.038236 0.000568 0.08695
TAJIKISTAN TAJIKISTAN:596748 0 0 1 1 0.601666 1e-05 0.262947 0.045571 0.002435 0.087371
TAJIKISTAN TAJIKISTAN:596749 0 0 2 1 0.516043 0.021876 0.281184 0.081511 0.004092 0.095295
TAJIKISTAN TAJIKISTAN:596750 0 0 2 1 0.572934 0.017566 0.293799 0.026017 0.00739 0.082293
TAJIKISTAN TAJIKISTAN:596751 0 0 2 1 0.563555 1e-05 0.282865 0.041348 1e-05 0.112212
TAJIKISTAN TAJIKISTAN:596752 0 0 2 1 0.61003 0.020533 0.232674 0.04491 0.00279 0.089062
TAJIKISTAN TAJIKISTAN:596753 0 0 2 1 0.568616 0.024235 0.309096 0.014891 1e-05 0.083152
TAJIKISTAN TAJIKISTAN:596754 0 0 2 1 0.557344 1e-05 0.307994 0.038882 0.002289 0.09348
UZBEKISTAN UZBEKISTAN:590597 0 0 2 1 0.475425 0.060725 0.126721 0.034539 0.005488 0.297102
UZBEKISTAN UZBEKISTAN:591285 0 0 2 1 0.523479 0.028741 0.16365 0.045079 0.015251 0.2238
UZBEKISTAN UZBEKISTAN:591287 0 0 2 1 0.530506 0.051329 0.132676 0.039594 0.010801 0.235093
UZBEKISTAN UZBEKISTAN:591289 0 0 2 1 0.484942 0.078698 0.139302 0.04299 0.00242 0.251648
UZBEKISTAN UZBEKISTAN:591290 0 0 2 1 0.498296 0.061524 0.130232 0.029663 0.015238 0.265046
UZBEKISTAN UZBEKISTAN:591291 0 0 1 1 0.488459 0.107204 0.139076 0.028842 0.003054 0.233364
UZBEKISTAN UZBEKISTAN:591293 0 0 2 1 0.538223 0.08396 0.14286 0.029401 0.01392 0.191636
UZBEKISTAN UZBEKISTAN:591295 0 0 2 1 0.567159 0.084006 0.141842 0.019491 1e-05 0.187492
UZBEKISTAN UZBEKISTAN:591297 0 0 1 1 0.472547 0.146781 0.148514 0.096697 1e-05 0.135451
UZBEKISTAN UZBEKISTAN:591299 0 0 1 1 0.457142 0.096135 0.155351 0.029417 0.015969 0.245986
UZBEKISTAN UZBEKISTAN:591300 0 0 1 1 0.489089 0.073624 0.126823 0.053006 0.011233 0.246226
UZBEKISTAN UZBEKISTAN:591302 0 0 2 1 0.465294 0.05359 0.141421 0.064737 0.009373 0.265586
UZBEKISTAN UZBEKISTAN:591303 0 0 1 1 0.381151 0.150364 0.186481 0.127409 0.002683 0.151913
UZBEKISTAN UZBEKISTAN:591304 0 0 1 1 0.496465 0.084412 0.132628 0.016173 0.013814 0.256508
UZBEKISTAN UZBEKISTAN:591306 0 0 2 1 0.517756 0.068465 0.140259 0.021795 0.016806 0.234918
UZBEKISTAN UZBEKISTAN:591308 0 0 2 1 0.305937 0.158677 0.200844 0.159932 1e-05 0.1746
UZBEKISTAN UZBEKISTAN:591310 0 0 2 1 0.42126 0.108768 0.176791 0.089857 0.006477 0.196848
UZBEKISTAN UZBEKISTAN:591311 0 0 1 1 0.484852 0.060671 0.158604 0.028711 0.011522 0.255639
UZBEKISTAN UZBEKISTAN:591312 0 0 1 1 0.48712 0.066108 0.155131 0.02439 1e-05 0.267241
UZBEKISTAN UZBEKISTAN:591313 0 0 1 1 0.414645 0.030714 0.162159 0.035123 0.01349 0.34387
UZBEKISTAN UZBEKISTAN:591314 0 0 2 1 0.334491 0.012364 0.144817 0.066574 1e-05 0.441743
UZBEKISTAN UZBEKISTAN:591317 0 0 1 1 0.503724 0.067041 0.160875 0.042814 0.006841 0.218705
UZBEKISTAN UZBEKISTAN:591415 0 0 2 1 0.406222 0.020984 0.164119 0.053489 0.003348 0.351838
UZBEKISTAN UZBEKISTAN:591416 0 0 1 1 0.520188 0.037178 0.1097 0.044201 0.001315 0.287417
UZBEKISTAN UZBEKISTAN:591418 0 0 2 1 0.584859 0.072075 0.13999 0.023465 0.003315 0.176297
UZBEKISTAN UZBEKISTAN:591419 0 0 2 1 0.430144 0.080045 0.179395 0.045203 0.005003 0.26021
UZBEKISTAN UZBEKISTAN:591420 0 0 2 1 0.670741 0.192899 0.065172 0.00981 0.000677 0.060702
UZBEKISTAN UZBEKISTAN:594325 0 0 2 1 0.507879 0.055751 0.152851 0.023302 0.014878 0.245339
UZBEKISTAN UZBEKISTAN:594326 0 0 2 1 0.521387 0.075646 0.111813 0.033838 0.014136 0.24318
UZBEKISTAN UZBEKISTAN:594327 0 0 2 1 0.344232 0.132087 0.171475 0.136166 1e-05 0.21603
UZBEKISTAN UZBEKISTAN:594328 0 0 1 1 1e-05 1e-05 0.017373 1e-05 1e-05 0.982587
UZBEKISTAN UZBEKISTAN:594329 0 0 2 1 0.299852 0.186432 0.254542 0.203629 1e-05 0.055535
UZBEKISTAN UZBEKISTAN:594330 0 0 2 1 0.674175 0.106483 0.160906 0.041245 1e-05 0.017181
UZBEKISTAN UZBEKISTAN:594331 0 0 1 1 0.486146 0.073258 0.141535 0.026291 0.021291 0.251478
UZBEKISTAN UZBEKISTAN:594332 0 0 1 1 0.511238 0.043034 0.18761 0.044628 0.007948 0.205541
UZBEKISTAN UZBEKISTAN:594333 0 0 1 1 0.519844 0.066469 0.134579 0.043501 1e-05 0.235596
UZBEKISTAN UZBEKISTAN:594334 0 0 1 1 0.577917 0.072935 0.146126 0.008072 0.023612 0.171338
UZBEKISTAN UZBEKISTAN:594667 0 0 2 1 0.621098 0.212589 0.074808 1e-05 0.009545 0.08195
UZBEKISTAN UZBEKISTAN:594670 0 0 1 1 0.456289 0.022549 0.142856 0.019747 0.016436 0.342122
UZBEKISTAN UZBEKISTAN:594671 0 0 1 1 0.398959 0.024229 0.156171 0.05318 1e-05 0.367451
UZBEKISTAN UZBEKISTAN:594678 0 0 1 1 0.402071 0.061528 0.158898 0.042349 1e-05 0.335144
UZBEKISTAN UZBEKISTAN:594681 0 0 2 1 0.422897 0.024557 0.163834 0.033644 0.013843 0.341226
UZBEKISTAN UZBEKISTAN:594689 0 0 2 1 0.411781 0.048309 0.156689 0.021711 1e-05 0.3615
UZBEKISTAN UZBEKISTAN:594691 0 0 1 1 0.386695 1e-05 0.185362 0.050496 4.2e-05 0.377396
UZBEKISTAN UZBEKISTAN:594701 0 0 1 1 0.462748 0.032509 0.135088 0.031538 0.004099 0.334019
UZBEKISTAN UZBEKISTAN:594702 0 0 1 1 0.378171 0.050613 0.123876 0.038336 0.006291 0.402713
UZBEKISTAN UZBEKISTAN:594704 0 0 1 1 0.433086 0.043437 0.156092 0.044184 1e-05 0.323191
UZBEKISTAN UZBEKISTAN:594705 0 0 1 1 0.475349 0.034334 0.171201 0.020635 1e-05 0.29847
UZBEKISTAN UZBEKISTAN:594708 0 0 1 1 0.433055 0.047119 0.147786 0.031418 0.01117 0.329452
UZBEKISTAN UZBEKISTAN:596757 0 0 2 1 0.457465 0.034918 0.178659 0.039778 0.010431 0.278749
UZBEKISTAN UZBEKISTAN:596758 0 0 2 1 0.424699 0.058975 0.175359 0.034471 0.01077 0.295726
UZBEKISTAN UZBEKISTAN:596759 0 0 2 1 0.499751 0.033512 0.158469 0.035588 0.004034 0.268646
UZBEKISTAN UZBEKISTAN:596760 0 0 1 1 0.425402 0.036499 0.17908 0.049142 0.011332 0.298544
UZBEKISTAN UZBEKISTAN:596762 0 0 2 1 0.466835 0.046879 0.175936 0.029407 0.012066 0.268877
UZBEKISTAN UZBEKISTAN:596763 0 0 2 1 0.432379 0.057135 0.156932 0.024502 0.012868 0.316184
UZBEKISTAN UZBEKISTAN:596764 0 0 1 1 0.449619 0.022238 0.154963 0.030855 1e-05 0.342314
UZBEKISTAN UZBEKISTAN:596811 0 0 2 1 0.456279 0.015644 0.192164 0.040788 0.004304 0.29082
UZBEKISTAN UZBEKISTAN:596812 0 0 2 1 0.472872 0.039437 0.116972 0.045536 0.010331 0.314851
UZBEKISTAN UZBEKISTAN:596819 0 0 2 1 0.471072 0.027645 0.172897 0.040386 0.00877 0.279229
UZBEKISTAN UZBEKISTAN:596820 0 0 1 1 0.46275 0.048712 0.164097 0.035775 1e-05 0.288657
UZBEKISTAN UZBEKISTAN:596821 0 0 1 1 0.390638 0.040178 0.197413 0.023485 0.00349 0.344797
UZBEKISTAN UZBEKISTAN:596822 0 0 2 1 0.470904 0.019395 0.171283 0.032646 1e-05 0.305762
UZBEKISTAN UZBEKISTAN:596825 0 0 2 1 0.475461 0.070013 0.151529 0.022072 0.002182 0.278743
UZBEKISTAN UZBEKISTAN:596826 0 0 1 1 0.389525 0.05986 0.195174 0.028277 0.007567 0.319598
UZBEKISTAN UZBEKISTAN:596829 0 0 1 1 0.428607 0.047893 0.179308 0.022771 1e-05 0.321412
UZBEKISTAN UZBEKISTAN:596830 0 0 1 1 0.481987 0.035769 0.15796 0.05317 1e-05 0.271105
UZBEKISTAN UZBEKISTAN:596832 0 0 1 1 0.411368 0.046391 0.166072 0.01493 1e-05 0.36123
